/*--------------------------------*- C++ -*----------------------------------*\
  =========                 |
  \\      /  F ield         | OpenFOAM: The Open Source CFD Toolbox
   \\    /   O peration     | Website:  https://openfoam.org
    \\  /    A nd           | Version:  6
     \\/     M anipulation  |
\*---------------------------------------------------------------------------*/
FoamFile
{
    version     2.0;
    format      ascii;
    class       labelList;
    note        "nPoints:674  nCells:3507  nFaces:7196  nInternalFaces:6832";
    location    "constant/polyMesh";
    object      neighbour;
}
// * * * * * * * * * * * * * * * * * * * * * * * * * * * * * * * * * * * * * //


6832
(
6
8
48
871
44
131
190
10
33
87
241
12
34
99
243
83
181
232
7
79
261
1748
8
38
62
93
250
262
67
69
18
24
50
91
31
138
882
15
23
43
46
40
137
1865
21
26
60
112
16
25
29
596
22
28
547
17
47
49
248
262
551
20
34
37
21
25
241
584
28
243
591
33
42
39
253
525
51
67
696
37
114
897
47
242
42
129
1857
41
65
74
255
43
244
53
59
620
75
86
236
902
88
242
65
113
256
1809
102
124
104
123
175
225
287
292
176
226
281
285
145
616
52
58
96
41
210
252
113
244
251
267
144
623
50
274
301
56
61
110
235
70
252
60
89
121
918
54
80
67
134
62
70
265
62
68
265
55
242
258
73
248
59
75
236
76
236
269
77
132
195
68
149
202
80
269
154
261
76
153
200
89
64
115
211
213
252
127
77
148
178
260
117
95
126
81
117
942
115
72
73
212
122
297
142
247
90
109
267
88
92
147
259
84
129
261
2032
108
146
1790
122
96
539
956
110
257
540
957
135
189
273
100
262
597
89
94
960
98
961
139
163
962
963
171
199
255
134
156
967
98
107
157
172
201
246
95
111
111
161
149
699
189
272
310
107
158
169
1779
172
558
1838
155
171
559
1839
105
138
160
140
296
298
556
106
137
156
124
982
1872
123
983
1873
183
128
250
127
141
182
153
705
187
154
160
1765
1891
117
543
989
165
266
128
143
186
245
640
130
227
276
305
155
159
254
1830
190
274
278
622
134
998
150
270
145
169
144
163
204
208
216
246
161
217
266
1851
1850
554
1913
162
205
174
203
230
140
178
298
173
251
181
184
585
139
258
561
1014
1940
1015
241
624
191
586
173
179
179
567
1948
570
1023
154
1853
157
214
270
164
188
230
202
207
157
224
238
548
1931
181
223
549
1032
200
308
253
650
1036
159
243
659
588
1878
1912
165
170
177
307
592
1043
174
178
603
194
238
260
534
175
206
289
672
176
207
279
701
604
1925
215
239
199
209
201
208
267
300
634
228
290
229
283
188
194
721
576
245
195
259
288
697
1062
218
1965
219
1063
189
222
645
190
203
211
511
220
1959
221
1067
240
566
271
197
195
212
522
196
216
289
197
217
279
205
515
196
212
211
203
213
240
536
218
1985
219
1080
220
1978
221
1082
643
212
247
577
227
237
208
216
290
217
283
673
268
306
651
213
268
579
266
239
264
309
268
307
277
2003
312
1099
291
2000
282
1101
231
313
1102
226
280
618
225
286
669
228
2009
229
1106
234
2008
632
2012
631
1115
240
311
653
1114
274
280
238
259
286
304
655
2013
236
257
1117
238
1972
240
242
244
254
246
249
249
248
249
250
250
252
254
255
256
256
1749
258
1134
720
260
635
262
271
294
303
692
272
295
266
628
268
270
637
297
272
691
309
274
301
582
276
277
2048
305
304
2050
279
280
593
281
281
283
284
1162
285
285
1160
287
288
289
289
698
291
292
293
2058
293
2056
295
296
299
297
297
562
299
302
303
301
302
578
303
303
654
305
306
307
307
638
309
312
703
310
314
312
313
1183
314
314
1185
417
473
481
808
321
421
471
807
319
418
475
813
320
420
477
812
367
432
852
438
468
855
326
366
859
323
351
362
580
357
363
580
325
348
365
581
358
364
581
334
335
368
348
355
386
778
350
354
387
779
351
353
388
780
349
352
389
777
421
471
477
731
418
473
475
732
398
474
481
736
399
472
734
360
382
757
383
439
468
760
361
384
433
759
340
360
757
2215
341
361
759
1214
346
370
2181
347
372
1216
385
407
464
2096
383
411
467
1222
360
382
415
2098
361
384
403
1224
366
426
626
367
427
627
356
371
357
370
378
358
372
380
359
373
363
448
742
362
444
744
364
458
743
365
452
741
379
424
679
425
610
428
613
381
429
677
366
367
363
459
453
365
459
453
804
810
374
393
865
377
392
482
864
426
777
423
441
778
427
779
430
442
780
382
397
415
384
395
403
435
383
396
411
437
385
394
407
389
413
2132
386
404
2134
387
402
1259
388
401
1260
409
408
406
400
480
412
457
405
460
410
447
414
449
391
395
435
792
396
437
790
393
394
398
397
399
400
2148
406
1274
408
1275
409
2150
399
789
791
726
2163
446
571
1290
461
573
1293
839
1291
456
574
2161
460
729
1294
723
1289
838
2167
725
1286
724
2165
447
727
1292
842
1281
457
728
2162
450
572
2166
449
730
2168
843
2164
418
427
441
732
418
440
800
421
426
442
731
421
443
801
424
465
612
2092
424
440
466
510
426
442
521
428
441
526
430
431
514
443
470
469
717
1305
433
434
476
435
733
435
436
832
437
438
831
439
439
478
735
441
663
443
656
445
458
761
447
462
763
447
463
1321
451
452
762
450
451
454
2197
455
764
453
455
709
455
456
710
457
457
2207
459
462
707
461
462
463
1337
463
708
465
480
805
466
2090
479
758
468
469
809
470
470
1342
760
472
473
474
745
474
747
476
477
478
746
478
748
480
481
758
482
482
862
485
488
535
538
486
487
489
490
492
495
675
490
520
537
493
502
509
492
565
1361
493
564
2316
545
680
494
516
598
802
497
2315
498
1362
560
648
846
501
676
678
642
666
841
2336
499
681
2327
500
686
1370
607
685
1371
607
688
2331
518
542
681
519
679
686
658
667
714
858
507
555
716
803
550
660
840
2345
533
665
844
1380
556
654
713
516
629
649
849
520
544
1384
595
612
661
622
628
643
541
633
837
1387
541
611
704
796
602
646
718
534
660
722
634
643
533
599
702
795
580
677
683
544
581
689
570
616
615
621
656
577
586
658
527
600
674
814
528
601
670
815
547
619
639
617
630
663
609
625
816
619
639
817
572
681
710
2507
571
685
708
1556
574
688
710
2510
573
689
708
1560
618
631
550
608
575
592
1405
566
579
598
564
570
604
565
567
592
569
647
1409
568
719
1410
645
653
587
610
676
617
630
1413
590
613
583
604
2342
560
608
722
857
661
694
550
666
2378
585
665
1419
614
597
625
636
563
636
668
799
660
671
722
815
615
621
2386
556
562
563
586
598
619
694
802
600
609
2368
601
650
2369
566
603
624
718
1431
637
692
625
803
1434
2389
1435
2390
721
675
2424
594
706
1437
589
700
1438
1439
677
1440
587
2396
590
1442
679
2398
624
678
1445
603
635
714
625
674
634
649
654
619
670
682
690
629
649
664
659
680
2418
602
623
646
633
641
714
610
2400
644
659
2373
605
700
806
613
1459
595
616
661
1461
599
622
701
606
719
809
659
680
620
636
646
609
621
643
618
629
673
2393
651
2394
624
678
648
2395
647
695
810
668
706
811
1477
2433
614
635
626
615
645
691
715
639
644
617
657
823
623
617
665
668
720
626
629
676
2542
630
647
1497
696
699
640
702
1501
642
672
2456
641
645
648
667
656
668
705
651
655
671
650
647
695
662
664
669
711
650
2453
656
713
652
670
664
715
797
704
1523
716
660
2475
666
667
822
697
712
663
664
665
830
693
669
697
698
671
721
673
711
674
712
676
2365
678
680
683
683
684
709
685
685
687
707
688
689
688
690
709
690
707
692
703
716
694
695
798
696
696
698
711
700
701
702
702
704
705
706
706
708
710
712
814
714
847
716
854
718
719
1588
720
720
722
772
776
1593
771
775
2552
770
774
1595
769
773
2554
750
754
1597
749
753
2556
752
756
1599
751
755
2558
737
740
738
739
746
767
784
745
765
783
748
768
782
747
766
781
742
745
777
741
747
778
743
746
779
744
748
780
743
786
744
785
787
788
785
787
786
788
753
769
781
754
770
782
755
765
771
756
767
772
766
773
768
774
775
783
776
784
765
771
766
773
767
772
768
774
763
787
788
764
785
786
782
784
781
783
777
778
779
780
789
2599
790
1640
2601
1642
2603
1644
791
2605
792
1646
789
790
791
792
786
788
791
792
795
821
829
844
796
820
828
837
806
851
811
856
830
849
854
800
802
850
801
803
853
813
845
812
848
846
847
816
859
867
817
862
869
810
829
808
848
860
845
861
811
828
852
855
813
853
850
816
868
817
870
858
857
824
841
866
867
827
840
863
869
826
835
837
825
836
844
823
860
866
861
863
843
865
2263
836
839
1696
835
842
1697
838
864
2266
842
1699
839
1700
833
834
833
835
856
834
836
851
834
835
836
1716
869
2277
1713
870
2282
868
2283
1715
867
2281
1714
846
848
857
848
858
850
851
852
852
854
855
856
856
861
860
860
866
862
863
864
865
866
868
2269
870
2268
877
879
918
912
1008
1071
882
905
962
1123
883
886
906
966
958
1062
1113
878
880
953
2632
879
910
935
880
921
969
940
942
934
1138
892
897
920
967
903
1015
890
913
1126
888
896
911
916
894
900
932
975
913
1016
2645
889
898
901
1466
895
1125
1417
891
917
919
1037
1125
1133
934
1128
1421
906
909
1126
894
898
1123
1454
905
915
1129
1132
1399
922
940
1566
909
989
917
1124
938
947
1129
1130
915
1007
2660
925
931
1489
948
961
1118
963
1124
938
991
1131
2669
979
1001
981
1000
959
1056
1105
1157
1057
1106
1161
1167
1023
1485
924
930
973
920
1126
1142
1155
991
928
933
987
1117
1024
1495
923
943
932
964
998
926
955
940
1011
951
985
1128
935
943
1146
954
1129
935
941
1146
927
1124
1135
946
1128
931
948
1118
949
1118
1151
952
1009
1076
941
1029
1082
955
1151
934
1027
949
1033
1080
1139
964
937
990
1091
954
1093
1004
952
1028
1060
1137
993
972
1003
956
993
990
945
946
1092
999
1171
1021
1127
965
970
986
963
968
1025
980
1009
1109
1145
969
992
1012
1136
985
1020
2689
1010
1148
999
973
1409
987
1134
1410
1013
1070
1154
995
1104
1108
964
971
976
1017
1043
1051
1081
1130
1037
1044
2732
1011
1036
976
984
1040
1052
1083
1035
1090
1149
972
988
988
1041
1029
1571
1070
1153
1181
1027
1039
2742
984
1052
1138
1428
2717
1034
1051
1429
2718
982
1015
1039
1018
1172
1426
983
1016
1036
1001
2752
1000
2753
1063
1005
1004
1019
1064
1033
1573
1067
993
1413
1046
1147
2734
1005
1022
1068
1510
1006
1107
1164
1176
1026
1048
1567
1034
1038
1133
2917
1071
1155
1170
1492
1011
1030
1150
1023
1044
1024
1043
1012
1085
1089
1096
1041
1097
1147
2731
2730
1042
1086
1139
1425
2757
1055
1084
1111
1018
1060
1053
1061
1127
1062
1065
1456
1017
1135
1431
2794
1123
1493
1072
1457
1053
1027
2769
1061
1061
1439
1444
2807
1040
1094
1150
1054
1058
1568
1045
1069
1111
1082
1088
1040
1104
1119
1418
2813
1062
1103
1419
1080
1179
1132
1520
1053
1095
1148
1038
1527
1455
2788
2819
1046
1050
1059
1178
1461
1467
2827
1055
1060
1474
1075
1119
1137
1404
1056
1087
1543
1057
1088
1169
1569
1095
1122
1081
1090
1083
1089
1058
1073
1076
1143
1504
1116
1159
1115
1163
1108
1136
1069
1075
1591
1446
1099
1098
2846
1070
1102
1515
1071
1084
1091
1386
1101
1100
2840
1121
1436
1152
1078
1076
1092
1396
1077
1096
1078
1097
1169
1086
1390
1077
1092
1091
1084
1093
1121
1406
1099
1098
2864
1101
1100
2859
1513
1092
1127
1448
1107
1120
1089
1096
1159
1097
1163
1544
1177
1521
1147
1122
1148
1140
1180
1178
1166
2881
1182
1158
2878
1162
1114
1185
1106
1168
1487
1105
1539
1116
2887
1115
1112
2886
1110
1144
1174
1119
1136
1121
1175
1525
2889
1155
1168
1183
1523
1501
1502
2890
1118
1134
1120
2851
1122
1124
1126
1460
1128
1149
1131
1132
1133
2631
1133
1135
1589
1137
1505
1139
2708
1468
1153
1173
1144
1152
1174
1562
1143
1144
1154
1145
1449
1145
1524
1147
1498
1149
1450
1151
1171
1507
1153
1561
1180
1155
1453
1157
1158
2938
1159
1159
2940
1161
1162
1163
1163
1165
1176
1166
2931
1175
2933
1168
1169
1170
1170
1462
1172
1173
1174
1432
1174
1176
1177
1178
1178
1508
1180
1182
1575
1181
1184
1183
1184
1185
1185
1191
1217
1296
1678
1192
1219
1300
1677
1190
1218
1295
1685
1220
1299
1352
1684
1197
1246
1667
1310
1343
1675
1245
1314
1730
1194
1230
1241
1577
1236
1242
1578
1196
1227
1244
1580
1237
1243
1579
1204
1207
1248
1227
1234
1265
1648
1229
1233
1266
1649
1230
1232
1267
1650
1228
1231
1268
1647
1219
1220
1300
1601
1217
1218
1295
1602
1210
1277
1603
1211
1278
1352
1605
1239
1261
1315
1627
1240
1263
1629
1264
1311
1343
1628
1212
1217
1310
1617
1211
1218
1616
1220
1618
1219
1314
1615
1215
1239
1627
2968
1216
1240
1629
1225
1249
2969
1226
1251
1219
1220
1264
1280
1344
2979
1262
1281
1340
1239
1261
1279
2981
1240
1263
1291
1245
1302
1496
1246
1303
1497
1235
1250
1236
1249
1257
1237
1251
1259
1238
1252
1242
1324
1612
1241
1320
1614
1243
1335
1613
1244
1329
1611
1258
1349
1552
1301
1482
1304
1483
1260
1306
1550
1245
1246
1242
1334
1328
1244
1334
1328
1676
1680
1255
1272
1353
1703
1254
1271
1704
1302
1647
1317
1348
1648
1303
1649
1307
1319
1650
1261
1276
1279
1313
1263
1274
1291
1262
1275
1281
1264
1273
1280
1309
1268
1285
3015
1265
1287
3017
1266
1293
1267
1290
1282
1286
1351
1289
1283
1288
1332
1294
1336
1292
1322
1284
1325
1270
1273
1309
1659
1276
1313
1661
1272
1274
1277
1275
1278
1283
3029
1289
1286
1282
3031
1278
1662
1660
1712
3035
1711
3037
1715
1594
3043
1596
3045
1325
1600
3044
1326
1441
3042
1595
1333
1443
3047
1332
1598
3046
1593
1321
1440
1713
1322
1597
1337
1442
1336
1599
1296
1297
1316
1670
1303
1317
1602
1300
1302
1319
1601
1300
1318
1671
1302
1319
1395
1304
1317
1400
1306
1342
1588
1307
1389
1318
1341
1309
1310
1312
1731
1311
1311
1606
1313
1314
1733
1315
1315
1604
1317
1348
1533
1319
1526
1323
1335
1631
1322
1339
1323
1338
1633
1327
1329
1632
1326
1327
1331
3087
1330
1634
1329
1452
1330
1331
1332
1333
1452
1333
3100
1335
1451
1338
1337
1338
1339
1339
1451
1342
1351
1679
1342
1350
1630
1344
1346
1345
1727
1347
1481
2972
1347
1348
1628
1349
2970
1349
1385
1351
1352
1630
1353
1353
1726
1355
1356
1358
1359
1359
1394
1407
1362
1376
1384
1361
1435
1548
3268
1362
1434
3273
1411
1551
1365
1391
1469
1673
1369
1546
1370
1367
1369
1374
1554
1366
1370
1375
1560
1430
1518
1717
1367
1372
1558
1371
1556
1512
1536
1710
3278
1371
3279
1372
1477
1477
3283
1374
1414
1546
1578
1553
1578
1376
1557
1580
1552
1580
1529
1537
1584
1728
1381
1424
1585
1674
1420
1530
1709
3289
1403
1535
1714
1426
1524
1583
1391
1499
1519
1686
1392
1414
1548
3294
1394
1415
1465
1481
1531
1492
1498
1513
1412
1503
1716
1412
1480
1576
1665
1473
1516
1587
1404
1530
1592
1504
1513
1444
1495
1547
1403
1470
1570
1721
1439
1485
1490
1491
1526
1448
1457
1529
1401
1471
1542
1687
1402
1472
1541
1736
1417
1488
1509
1486
1500
1533
1479
1494
1688
1488
1509
1727
1487
1501
1420
1478
1445
1461
1545
1436
1450
1469
1434
1439
1467
1435
1444
1461
1547
1438
1517
1437
1590
1447
1467
3316
1515
1523
1486
1500
1458
1482
1459
1483
1579
1430
1478
1592
1672
1531
1564
1420
1536
3334
1456
1535
1484
1468
1494
1506
1433
1506
1538
1669
1530
1540
1592
1737
1426
1432
1433
1490
1491
3326
1457
1469
1488
1564
1673
1471
1479
3321
1472
1520
3322
1436
1474
1493
1587
1507
1562
1494
1674
3344
3345
1591
1463
1574
1464
1572
1550
1555
1458
1553
3351
1459
1559
1552
1557
3353
3349
1493
1549
1474
1505
1584
1527
1551
3355
1494
1542
1504
1519
1524
1488
1541
1555
1559
1553
1557
1499
1519
1534
1473
1495
1516
1514
1527
3340
1503
1511
1584
1482
3370
1483
1465
1485
1531
1470
1492
1569
1475
1590
1679
1476
1517
1680
1527
1551
1489
1506
1516
3374
1479
1490
1513
1487
1499
1544
3347
1521
3348
1493
1549
1518
1538
1574
1683
1565
1572
1721
3384
1484
1505
1496
1515
1561
1586
1509
1514
1491
1486
1528
1739
1486
1535
1538
1589
1496
1495
1499
3402
1500
1517
1566
1571
1510
1570
1512
1543
3407
1511
1515
1518
1537
1526
1538
1573
1521
1525
1540
1520
1517
1565
1532
1534
1539
1581
1520
3502
1526
1583
1522
1541
1534
1586
1666
1576
1585
1530
3430
1536
1537
1694
1568
1582
1533
1534
1535
1702
1563
1539
1568
1567
1541
1591
1544
1582
1544
1581
1546
1547
1549
1548
1548
1550
1577
1552
1554
1558
3313
1556
1577
1560
1558
3490
1560
1579
1562
1575
1585
1564
1565
1668
1566
1566
1568
1581
1570
1571
1572
1572
1574
1575
1576
1576
1578
1580
1582
1687
1584
1719
1586
1723
1588
1589
1590
1590
1592
1642
1646
1641
1645
3193
1640
1644
1639
1643
3195
1620
1624
1619
1623
3197
1622
1626
1621
1625
3199
1607
1610
1608
1609
1616
1637
1654
1615
1635
1653
1618
1638
1652
1617
1636
1651
1612
1615
1647
1611
1617
1648
1613
1616
1649
1614
1618
1650
1613
1656
1614
1655
1657
1658
1655
1657
1656
1658
1623
1639
1651
1624
1640
1652
1625
1635
1641
1626
1637
1642
1636
1643
1638
1644
1645
1653
1646
1654
1635
1641
1636
1643
1637
1642
1638
1644
1633
1657
1658
1634
1655
1656
1652
1654
1651
1653
1647
1648
1649
1650
1659
3238
1660
3240
3242
1661
3244
1662
1659
1660
1661
1662
1656
1658
1661
1662
1693
1700
1714
1722
1665
1692
1699
1716
1683
1725
1681
1702
1723
1681
1704
1722
1670
1673
1686
1671
1674
1724
1685
1718
1684
1720
1682
1737
1739
1717
1719
1678
1682
1738
1688
1730
1735
1678
1720
1729
1718
1683
1699
1700
1722
1685
1686
1717
1727
1726
1685
1724
1721
1688
1734
1728
1695
1710
1732
1735
1691
1698
1709
1739
1701
1709
1737
1697
1707
1716
1696
1708
1714
1729
1732
1738
1712
1733
3143
1708
1713
1707
1715
1711
1731
3146
1715
1713
1711
1736
3148
1705
1706
1705
1707
1725
1706
1708
1706
1707
1708
3163
1734
3162
3161
1735
3164
1718
1720
1720
1728
1722
1724
1725
1726
1726
1736
1729
1730
1732
1733
1738
1733
1735
3149
1737
1739
1804
1856
2014
1746
1766
1920
1752
1805
1849
1747
1761
1918
1884
1888
1960
1883
1887
1961
1970
2038
1902
1969
1758
1790
2018
1755
1759
1809
1752
1793
1995
1765
1794
1857
2023
1812
1977
1769
1795
1863
2026
1757
1762
1829
2627
1759
1806
1825
1764
1785
2016
2020
1762
1811
1858
1815
2019
2032
1828
1830
1764
1777
1783
2410
1766
1946
1991
1823
2033
1773
1779
1810
1865
1768
1808
1791
1912
1947
1990
1782
1804
1956
1823
2017
2521
1801
1907
2751
1776
1786
1822
1871
1772
1781
1796
1803
1778
1789
2381
1775
1795
1798
1776
1783
2023
2409
1789
2026
2419
1794
1802
1813
2021
2430
1799
2029
2356
1798
1878
1805
1807
1972
1814
1828
2517
1954
2035
1808
2024
1816
1861
2028
2707
1797
1832
1802
1880
2744
1816
1827
1834
2027
1797
1800
1835
2016
1803
2025
1833
1850
1853
2024
1973
2007
2015
2052
1992
2008
2047
1869
1894
1870
1893
1818
1821
1835
1925
2442
1821
1827
1988
1811
1885
2017
1861
2025
1923
2448
1810
1928
1945
1929
1949
1824
1876
2041
1971
1989
1822
1854
1891
1828
1904
1831
1855
1841
1995
2513
1815
2024
2031
1818
1825
1840
1833
2021
1847
1826
1926
1978
2018
1859
1845
1994
2014
2549
1821
1827
1906
1900
1823
1932
2034
1935
1985
2039
1854
2042
1860
1889
2018
1896
1882
1855
1910
2663
1839
1882
1844
1848
1858
1895
2020
1853
1852
1862
1896
1890
1933
2033
2363
2715
1924
1934
2364
2716
1866
2032
2368
1876
2369
1859
1997
2042
1884
1966
2512
1954
1984
2035
2380
1886
1971
2045
2420
1846
1892
1951
1883
1967
2549
1855
2727
1852
2728
1885
1919
1976
1884
1920
1868
1854
1864
1897
1955
1883
1918
1921
1948
1933
1964
1899
1938
1868
1874
1889
2791
1934
1968
2027
1941
1950
2664
1867
1877
1904
1940
1926
2019
2524
1877
1943
2040
1874
1872
1912
1942
1873
1907
1940
1932
1942
2647
1894
2752
1893
2753
1959
1924
1930
2030
2704
1935
2529
1965
1882
2373
1944
1971
2009
2055
2034
2375
2812
1902
1915
2035
2463
1901
1908
1919
1993
1989
2037
2441
1967
1981
1966
1980
1905
1917
1927
1904
1927
1925
1950
1923
1948
1922
2022
1909
1957
1957
1956
2004
2379
2779
1900
1980
1981
1903
1961
2403
1952
2036
1918
1991
2354
1917
1922
2043
1957
2824
1911
1960
2413
1986
1988
2001
1932
2741
1920
1990
2360
1921
2031
2386
1917
2037
2046
1919
1984
1973
1983
1994
2432
1945
1927
1949
2023
2450
2391
2830
2029
2464
2395
1978
2046
1956
1979
2415
1972
1977
2414
1941
2401
2759
1972
2006
2378
1964
1976
1968
1986
1985
1996
1992
1995
1996
2527
1939
1960
1980
2497
1943
1961
1981
2498
2026
2479
2789
2040
2012
2045
2057
2036
2382
1947
1969
2467
1970
2452
2424
1989
2404
2426
2806
1998
2831
1969
1993
2348
1970
2037
2043
2339
2004
2059
1999
2835
2838
1976
1984
2061
2494
2000
1961
1966
1980
1997
2387
1967
1981
1988
2411
1998
2845
2003
1987
1982
1999
2849
1975
1974
2006
2010
2054
1975
2022
2016
2495
2008
2471
2000
2007
2014
2427
1994
2001
1986
2001
2054
2059
2003
2460
1995
2002
2407
2038
1991
2449
2474
2013
2049
2017
2392
2015
2002
2049
2041
2459
2061
2876
2053
2877
2058
2039
2050
2005
2491
2011
2062
2883
2009
2444
2010
2885
2013
2012
2465
2888
2060
2435
2891
2456
2475
2015
2017
2019
2044
2021
2022
2044
2043
2024
2026
2030
2028
2029
2030
2637
2030
2032
2545
2034
2914
2412
2036
2384
2038
2040
2041
2042
2042
2044
2447
2046
2522
2057
2048
2049
2050
2050
2052
2053
2935
2054
2054
2937
2056
2057
2058
2058
2063
2061
2062
2942
2063
2063
2944
2069
2093
2171
2246
2070
2094
2173
2247
2068
2170
2217
2254
2172
2219
2231
2255
2075
2120
2296
2184
2222
2243
2119
2186
2300
2072
2104
2115
2531
2110
2116
2530
2074
2101
2118
2532
2112
2117
2533
2082
2086
2122
2101
2106
2139
2607
2103
2105
2140
2609
2102
2107
2141
2606
2104
2108
2142
2608
2094
2173
2219
2560
2093
2170
2217
2561
2151
2218
2564
2152
2220
2231
2562
2113
2135
2187
2586
2137
2185
2222
2587
2114
2138
2589
2088
2093
2184
2576
2094
2186
2574
2091
2113
2586
2971
2092
2114
2589
2099
2123
2973
2100
2126
2094
2137
2155
2223
2980
2114
2138
2167
2113
2135
2158
2982
2136
2164
2214
2119
2176
2445
2120
2178
2453
2109
2124
2110
2123
2131
2112
2126
2134
2111
2125
2117
2202
2573
2118
2204
2572
2116
2195
2570
2115
2194
2571
2133
2225
2505
2175
2436
2132
2179
2503
2177
2438
2119
2120
2116
2203
2205
2118
2203
2205
2244
2248
2128
2146
2230
2272
2130
2145
2271
2176
2606
2193
2224
2607
2180
2191
2608
2178
2609
2135
2149
2158
2189
2136
2150
2164
2137
2147
2155
2183
2138
2148
2167
2141
2153
3016
2142
2166
2139
2156
3018
2140
2161
2157
2165
2228
2154
2163
2160
2213
2162
2206
2159
2200
2168
2198
2144
2147
2183
2618
2149
2189
2620
2146
2148
2151
2150
2152
2154
3030
2163
2157
3032
2165
2152
2619
2621
2199
2397
3038
2555
3034
2279
3039
2212
2399
3049
2553
3041
2278
3048
2200
2559
3036
2213
2557
3040
2207
2398
2206
2556
2554
2281
2552
2197
2396
2277
2198
2558
2170
2178
2193
2561
2171
2192
2239
2173
2190
2286
2174
2176
2191
2560
2176
2191
2353
2178
2193
2357
2180
2181
2347
2190
2216
2215
2542
2183
2184
2188
2301
2185
2185
2565
2187
2188
2189
2563
2189
2302
2191
2477
2193
2224
2485
2196
2202
2590
2201
2204
2591
2198
2208
2592
2198
2209
2200
2210
3085
2201
2211
2593
2203
2208
2408
2205
2211
2534
2207
2208
2209
2209
2408
2211
2212
2535
2213
2213
3095
2215
2228
2251
2216
2229
2588
2218
2219
2220
2577
2220
2575
2223
2227
2437
2974
2223
2226
2297
2225
2226
2227
2343
2227
2587
3106
2229
2230
2231
2588
2231
2290
2234
2261
2269
2283
2235
2260
2268
2282
2245
2289
2351
2252
2295
2346
2270
2291
2293
2473
2253
2285
2288
2322
2239
2242
2294
2514
2254
2288
2250
2306
2309
2341
2285
2292
2312
2383
2287
2385
2551
2246
2250
2308
2249
2300
2304
2251
2269
2417
2247
2288
2253
2299
2252
2268
2421
2256
2305
2350
2287
2297
2290
2429
2296
2431
2286
2298
2255
2294
2285
2292
2298
2359
2539
2259
2264
2284
2309
2265
2280
2303
2304
2267
2284
2306
2266
2275
2282
2263
2276
2283
2299
2303
2308
2478
2276
2281
2279
2301
3144
2278
2302
3145
2275
2277
2279
2307
3150
2277
2281
2273
2274
2484
2273
2275
2295
2274
2276
2289
2274
2275
2276
2304
3165
3158
2305
2326
3160
2345
2336
2335
3159
2286
2518
2288
2323
2290
2291
2292
2292
2338
2294
2295
2541
2296
2296
2307
2358
2299
2329
2300
2303
2302
2308
2303
2305
3147
2307
2377
2355
2309
2476
2315
2365
2367
2500
2313
2314
2316
2342
2317
2337
2388
2318
2352
2366
2318
2320
2334
2319
2390
2320
2389
2322
2467
2474
2370
2504
2327
2501
3272
2328
3269
2325
2327
2333
2507
2329
2483
2341
2344
2499
2325
2331
2508
2510
2330
2536
2466
2489
3290
2330
2331
2509
3280
2451
2487
2433
3282
2433
2333
2372
2501
2530
2530
2534
2505
2509
2532
2458
2480
3297
2362
2488
2338
2449
2452
2454
2472
2441
2447
2452
2349
2372
2501
3323
2376
2546
2352
2374
2422
2437
2482
2403
2483
2498
2371
2457
2371
2439
2526
2428
2469
2543
2392
2451
2467
2391
2448
2500
2359
2405
2423
2362
2425
2523
2395
2442
2434
2440
2477
2382
2403
2483
2358
2406
2493
2381
2446
2462
2443
2455
2485
2446
2462
2496
2520
2413
2449
2472
2399
2509
2537
3486
2444
2456
2405
2423
3317
2406
2464
3318
2400
2424
2389
2395
2426
2390
2391
2424
2393
2544
2394
2470
2402
2426
3458
2471
2475
2416
2436
2443
2455
2418
2438
2533
2434
2440
3356
2403
2476
2548
2480
2492
2546
2414
2488
2415
2489
3333
2384
2491
2538
2482
2515
2481
2487
2388
2490
2519
2451
2487
2446
2515
2551
2450
2543
2459
2512
2550
2452
2467
3344
3345
3381
2496
2521
2417
2525
2421
2528
2503
2506
2416
2535
3350
2418
2511
2505
3352
2450
2502
2461
2479
3328
2479
2504
3369
2454
2472
2486
2495
3360
2460
3361
2411
2446
2493
2506
2511
2428
2448
2469
2430
2469
2519
2499
2547
2423
2434
2520
2497
2540
2457
2468
2458
2481
2436
3357
2429
2525
2438
2422
2442
2482
2425
2441
2522
2431
2470
2479
2504
2445
2444
2454
3346
2458
2480
2548
2450
2502
2490
2544
2490
2545
2516
2528
2460
2465
2492
3384
2445
2466
2494
3387
2440
2461
2462
2443
2471
2513
2541
2448
2454
2443
2488
3411
2490
2524
2474
2539
2455
2470
2463
2523
2468
2471
2476
2517
2529
2493
2464
3398
2464
2470
2516
2480
3416
2491
2538
2484
2486
2477
2473
2486
2541
2483
2526
2481
2518
2481
2487
2489
2485
2486
2488
2514
2491
2493
2547
2495
2538
2496
2539
2498
2550
2499
2551
2501
2502
2503
2531
2505
2507
2531
2510
2509
2532
2536
2511
2533
2513
2540
2527
2515
2516
2517
2517
2519
2520
2521
2521
2523
2524
2525
2525
2527
2528
2529
2529
2531
2533
2535
2536
2537
2537
3314
2539
2541
2550
2543
2544
2545
2545
2547
2548
2549
2549
2551
2601
2605
2600
2604
3192
2599
2603
2598
2602
3194
2579
2583
2578
2582
3196
2581
2585
2580
2584
3198
2566
2567
2568
2569
2575
2596
2613
2574
2594
2612
2577
2597
2611
2576
2595
2610
2570
2574
2606
2571
2575
2608
2572
2576
2607
2573
2577
2609
2571
2614
2615
2573
2616
2617
2614
2615
2616
2617
2582
2598
2610
2583
2599
2611
2584
2594
2600
2585
2596
2601
2595
2602
2597
2603
2604
2612
2605
2613
2594
2600
2595
2602
2596
2601
2597
2603
2592
2615
2617
2593
2614
2616
2611
2613
2610
2612
2606
2607
2608
2609
2618
3239
2619
3241
3243
2620
3245
2621
2618
2619
2620
2621
2616
2617
2620
2621
2684
2737
2893
2629
2646
2802
2635
2685
2729
2630
2643
2801
2765
2768
2841
2642
2738
2914
2764
2767
2842
2780
2853
2784
2852
2640
2669
2896
2638
2641
2689
2635
2674
2872
2645
2676
2732
2904
2691
2858
2647
2677
2744
2907
2639
2707
2918
2641
2680
2703
2743
2912
2919
2696
2897
2917
2706
2708
2663
2666
2692
2646
2832
2870
2654
2660
2690
2742
2670
2794
2833
2869
2681
2789
2661
2685
2838
2652
2662
2667
3373
2657
2664
2702
2751
2658
2668
2898
3331
2653
2675
2688
2671
2919
3474
2656
2677
2679
2657
2662
2904
3363
2668
2907
3371
2676
2682
2692
2903
3310
2684
2686
2851
2679
2757
2834
2923
2688
2905
2698
2741
2682
2759
2687
2693
2901
2697
2698
2710
2695
2700
3392
2683
2906
2711
2731
2734
2905
2868
2908
2912
2693
2703
2713
2901
2871
2886
2892
2930
2854
2885
2934
2709
2908
2749
2775
2750
2774
2687
2697
2714
2902
2807
3395
2694
2699
2746
2741
2906
2806
3399
2690
2899
2810
2828
2811
2829
2850
2920
2714
2702
2735
2769
2706
2777
2720
2872
3469
2906
2915
2776
2703
2705
2805
2696
2905
2916
2700
2711
2763
2903
2727
2705
2808
2859
2709
2924
2712
2817
2864
2896
2814
2918
2735
2719
2759
2918
2740
2770
2762
2899
2736
2791
2717
2762
2739
2724
2726
2738
2734
2747
2772
2896
2766
2776
2805
2771
2815
2914
3317
2719
2816
3318
2746
3321
2755
2917
3322
2919
3365
2765
2847
3470
2803
2834
2883
2945
2850
2920
2929
3494
2834
2923
2927
3375
2727
2773
2831
2764
2848
2895
3506
2763
2800
2855
2733
2736
2765
2802
2735
2748
2745
2799
2827
2778
2835
2911
2913
2764
2801
2815
2845
2782
2821
2925
2748
2754
2770
2777
2819
2816
2849
2910
2823
2830
2747
2756
2808
3478
2756
2825
2754
2753
2794
2824
2752
2789
2819
2814
2824
2774
2775
2840
2817
2897
3482
2846
2762
3326
2826
2850
2887
2939
3328
2780
2795
2923
2784
2796
2920
3414
2800
2874
2783
2790
2857
2875
2900
2848
2862
2847
2861
2777
2786
2797
2809
2825
2879
2925
2809
2807
2830
2806
2827
2804
2839
2838
2882
3333
2837
2922
2782
2861
2908
2862
2785
2842
3358
2836
2921
2801
2870
3309
2797
2804
2805
2839
2909
2799
2916
3340
2792
2841
3367
2814
2802
2869
3312
2867
2868
2880
2910
2800
2926
2797
2928
2854
2866
2872
3386
2904
3401
2809
2828
2829
2891
2927
2943
2875
3346
3349
2859
2928
2851
2860
3368
2838
2858
3366
2823
2915
3356
2851
2884
3334
2845
2855
2849
2867
2864
2873
2871
2873
2894
3480
2822
2841
2861
3454
2825
2842
2862
3455
2907
3434
2890
2929
2941
3374
2921
3336
2922
3359
3381
2876
2833
2852
3424
2853
3408
2882
2877
2852
2875
3301
2853
2874
3296
2911
2878
2842
2847
2861
2868
3343
2848
2862
2925
3364
2876
2881
2865
2863
2877
2884
2857
2856
2888
2936
2926
3453
2857
2902
2885
3422
2878
2886
2893
3382
2879
2894
2881
2872
2880
2867
2880
2936
3412
3342
2870
3400
3429
2889
2932
2879
2932
2903
3338
3421
2942
2937
2940
2933
2883
3397
2891
2887
3447
2888
2889
2890
3416
3430
3407
3387
2893
2894
2895
2895
3506
2897
2924
2899
2900
3427
2901
2901
2902
2903
2905
2907
2909
2913
2911
2912
2913
2913
2915
3415
2917
3499
2919
2921
3496
2923
3394
2925
3426
2927
2943
3452
2929
2941
3476
2931
2932
2933
2933
2935
2936
2937
2937
2939
2940
2941
2941
2943
2944
2945
2945
2975
3056
3064
3127
3053
3063
3105
3131
3058
3067
3103
3132
2950
2976
3068
3126
3004
3076
3181
2953
2986
3000
3362
2954
2984
3003
3488
2993
3001
3362
2995
3002
3487
3066
3071
3108
3440
2984
2990
3023
3247
2987
2988
3024
3249
2985
2989
3025
3246
2986
2991
3026
3248
2976
3067
3103
3200
2975
3063
3105
3201
3053
3104
3112
3204
2966
3033
3056
3205
3058
3102
3110
3202
2996
3020
3077
3227
2967
2975
3216
2976
3076
3214
2969
2996
3227
2983
3008
2972
2977
3070
2973
2978
2999
2997
3502
3075
3389
2998
3107
3398
2976
3054
3069
3226
3060
3109
3229
2997
3021
3037
2998
3022
3039
2996
3020
3035
2999
3019
3048
3004
3072
3402
2992
3009
2993
3008
3015
2994
3108
2995
3010
3018
3002
3090
3213
3001
3083
3210
3003
3092
3212
3000
3082
3211
3017
3070
3460
3071
3390
3016
3075
3462
3073
3388
3004
3055
3191
3050
3128
3061
3129
3001
3091
3093
3003
3091
3093
3189
3012
3059
3111
3153
3013
3033
3057
3184
3014
3052
3113
3152
3072
3246
3069
3080
3247
3074
3106
3249
3020
3031
3035
3079
3019
3032
3048
3021
3029
3037
3022
3030
3039
3025
3042
3026
3038
3023
3047
3024
3049
3041
3061
3043
3045
3055
3034
3050
3046
3101
3040
3094
3044
3088
3036
3084
3028
3029
3033
3258
3031
3079
3260
3045
3034
3113
3043
3041
3111
3078
3194
3164
3084
3198
3161
3085
3350
3158
3094
3196
3192
3087
3351
3193
3088
3199
3195
3101
3197
3100
3353
3165
3095
3352
3051
3052
3053
3107
3228
3053
3177
3055
3056
3226
3057
3057
3182
3059
3060
3061
3171
3061
3229
3063
3074
3080
3201
3064
3081
3122
3066
3067
3109
3200
3068
3072
3068
3121
3070
3081
3299
3072
3311
3074
3080
3306
3107
3108
3295
3077
3078
3079
3203
3079
3186
3081
3432
3086
3090
3230
3089
3092
3231
3085
3086
3097
3096
3232
3088
3098
3089
3099
3233
3091
3096
3483
3093
3099
3491
3095
3096
3097
3097
3484
3099
3100
3492
3101
3101
3103
3104
3215
3105
3105
3217
3107
3228
3109
3248
3111
3112
3261
3113
3113
3259
3116
3140
3147
3160
3117
3139
3150
3159
3125
3170
3303
3130
3176
3298
3151
3172
3174
3428
3121
3123
3173
3330
3122
3124
3175
3471
3132
3166
3131
3169
3167
3265
3339
3168
3288
3341
3129
3147
3300
3127
3166
3180
3169
3183
3130
3150
3302
3171
3307
3177
3308
3132
3175
3173
3178
3190
3332
3403
3179
3188
3335
3404
3138
3143
3162
3187
3137
3146
3163
3185
3148
3163
3190
3149
3162
3188
3144
3156
3159
3145
3157
3160
3142
3180
3187
3433
3183
3185
3431
3164
3186
3156
3158
3157
3165
3161
3184
3165
3161
3191
3164
3189
3158
3154
3155
3439
3154
3156
3176
3155
3157
3170
3155
3156
3157
3297
3290
3278
3289
3167
3169
3179
3275
3169
3178
3457
3171
3172
3173
3173
3292
3175
3176
3498
3177
3177
3183
3293
3180
3281
3181
3187
3188
3183
3185
3190
3185
3186
3187
3189
3376
3191
3377
3241
3245
3240
3244
3239
3243
3238
3242
3219
3223
3218
3222
3221
3225
3220
3224
3206
3207
3208
3209
3215
3236
3253
3214
3234
3252
3217
3237
3251
3216
3235
3250
3210
3214
3246
3211
3215
3248
3212
3216
3247
3213
3217
3249
3211
3254
3255
3213
3256
3257
3254
3255
3256
3257
3222
3238
3250
3223
3239
3251
3224
3234
3240
3225
3236
3241
3235
3242
3237
3243
3244
3252
3245
3253
3235
3242
3234
3240
3237
3243
3236
3241
3232
3255
3257
3233
3254
3256
3251
3253
3250
3252
3246
3247
3248
3249
3258
3259
3260
3261
3258
3259
3260
3261
3256
3257
3260
3261
3264
3269
3320
3458
3266
3267
3268
3294
3273
3277
3316
3270
3291
3354
3271
3305
3319
3271
3272
3284
3272
3345
3273
3344
3275
3424
3429
3323
3463
3279
3280
3276
3280
3285
3485
3281
3438
3283
3468
3489
3286
3459
3461
3417
3444
3282
3464
3283
3442
3495
3384
3467
3384
3304
3327
3464
3286
3488
3491
3460
3488
3288
3367
3454
3457
3337
3497
3410
3435
3315
3443
3292
3400
3408
3405
3425
3329
3456
3503
3305
3327
3378
3389
3437
3338
3394
3408
3324
3409
3324
3391
3448
3383
3419
3501
3307
3360
3451
3421
3424
3496
3308
3361
3379
3315
3380
3450
3362
3462
3465
3349
3395
3385
3393
3432
3372
3413
3449
3473
3336
3358
3438
3331
3372
3413
3396
3406
3440
3367
3400
3425
3351
3464
3490
3350
3467
3486
3387
3397
3355
3374
3360
3415
3361
3379
3345
3349
3381
3344
3346
3374
3347
3420
3348
3500
3357
3381
3416
3422
3369
3388
3459
3487
3396
3406
3370
3390
3385
3393
3358
3431
3505
3339
3372
3423
3423
3437
3435
3479
3503
3366
3443
3368
3444
3417
3475
3493
3436
3442
3341
3343
3454
3372
3451
3354
3445
3401
3501
3446
3472
3343
3449
3474
3470
3458
3376
3477
3377
3481
3462
3370
3369
3484
3460
3492
3408
3424
3401
3461
3411
3434
3434
3463
3456
3405
3425
3441
3453
3412
3466
3383
3399
3419
3426
3455
3504
3379
3385
3473
3409
3418
3497
3410
3436
3388
3390
3378
3395
3437
3392
3419
3472
3380
3394
3450
3404
3420
3403
3500
3434
3463
3398
3397
3405
3410
3435
3505
3401
3461
3398
3412
3416
3448
3452
3393
3411
3413
3396
3422
3469
3498
3446
3499
3399
3405
3396
3443
3459
3429
3406
3420
3446
3481
3445
3477
3414
3417
3475
3418
3422
3431
3415
3449
3415
3420
3427
3447
3439
3441
3432
3445
3478
3427
3440
3428
3446
3482
3445
3441
3498
3438
3435
3479
3436
3471
3436
3442
3444
3440
3457
3441
3443
3495
3447
3493
3449
3469
3451
3452
3453
3453
3455
3456
3457
3459
3461
3463
3465
3466
3467
3468
3489
3468
3485
3470
3497
3472
3473
3474
3474
3476
3477
3478
3494
3478
3480
3481
3482
3504
3482
3484
3485
3487
3486
3486
3488
3490
3491
3492
3492
3494
3495
3496
3496
3498
3500
3501
3502
3502
3504
3505
3506
3506
)


// ************************************************************************* //
