/*--------------------------------*- C++ -*----------------------------------*\
  =========                 |
  \\      /  F ield         | OpenFOAM: The Open Source CFD Toolbox
   \\    /   O peration     | Website:  https://openfoam.org
    \\  /    A nd           | Version:  6
     \\/     M anipulation  |
\*---------------------------------------------------------------------------*/
FoamFile
{
    version     2.0;
    format      ascii;
    class       labelList;
    note        "nPoints:674  nCells:3507  nFaces:7196  nInternalFaces:6832";
    location    "constant/polyMesh";
    object      owner;
}
// * * * * * * * * * * * * * * * * * * * * * * * * * * * * * * * * * * * * * //


7196
(
0
0
0
0
1
1
1
2
2
2
2
3
3
3
3
4
4
4
5
5
5
5
6
6
6
7
7
7
8
8
9
9
9
9
10
10
10
11
11
11
11
12
12
12
13
13
13
13
14
14
14
14
15
15
15
16
16
16
17
17
17
18
18
18
19
19
19
19
20
20
20
21
21
22
22
22
23
23
23
24
24
24
25
25
26
26
26
27
27
27
27
28
28
29
29
29
30
30
30
30
31
31
32
32
32
32
33
33
34
34
35
35
35
35
36
36
36
36
37
37
38
38
38
39
39
39
40
40
41
41
42
42
43
44
44
45
45
45
45
46
46
47
48
48
48
49
49
50
50
51
51
51
52
52
52
53
53
53
54
54
55
55
55
56
56
56
57
57
57
58
58
58
59
59
60
60
61
61
61
62
63
63
63
64
64
65
66
66
66
66
67
68
68
69
69
69
70
71
71
71
72
72
73
73
74
74
74
75
76
76
77
78
78
78
78
79
79
79
80
81
81
81
82
82
82
82
83
83
83
84
84
84
85
85
85
86
86
87
87
87
88
90
90
90
91
91
91
92
92
92
93
93
93
94
94
95
95
96
96
97
97
97
98
99
99
99
100
100
100
101
101
101
101
102
102
102
103
103
103
103
104
104
104
105
105
105
106
106
106
107
108
108
109
109
109
110
110
111
112
112
112
113
114
114
114
115
115
116
116
116
116
117
118
118
118
118
119
119
119
119
120
120
120
120
121
121
122
122
123
123
124
124
125
125
125
125
126
126
126
127
128
129
129
130
130
131
131
131
132
132
132
133
133
135
135
135
136
136
136
136
137
138
139
139
140
140
141
142
143
144
144
145
145
146
146
147
147
147
148
148
148
149
149
150
151
151
151
151
152
152
152
152
153
153
155
155
156
158
158
158
159
159
160
161
162
162
162
163
163
164
164
164
166
166
166
166
167
167
167
167
168
168
168
168
169
169
170
170
171
171
172
172
173
174
174
175
175
176
176
177
177
177
178
179
180
180
180
180
181
182
182
183
183
184
184
184
185
185
185
185
186
186
187
187
188
188
189
190
191
191
191
192
192
192
193
193
193
194
194
195
196
197
198
198
198
198
199
199
200
200
201
201
202
202
203
204
204
204
205
205
206
206
206
207
207
208
209
209
209
210
210
210
211
213
214
214
215
215
218
218
219
219
220
220
221
221
222
222
222
223
223
223
224
224
224
225
225
226
226
227
227
228
228
229
229
230
231
231
231
232
232
233
233
233
234
234
234
235
235
235
237
237
239
241
243
244
245
245
246
247
247
248
249
251
253
253
254
255
256
257
257
258
259
260
261
263
263
263
263
264
264
265
265
267
269
269
270
271
271
272
273
273
273
275
275
275
276
277
277
278
278
278
279
280
282
282
282
283
284
284
286
286
287
288
288
290
290
291
291
292
293
294
294
294
295
296
296
298
298
299
300
300
300
301
302
302
304
304
305
306
306
308
308
308
309
310
311
311
311
312
313
313
315
315
315
315
316
316
316
316
317
317
317
317
318
318
318
318
319
319
319
320
320
320
321
321
321
322
322
322
322
323
323
323
324
324
324
324
325
325
325
326
326
326
327
327
327
327
328
328
328
328
329
329
329
329
330
330
330
330
331
331
331
331
332
332
332
332
333
333
333
333
334
334
334
335
335
335
336
336
336
336
337
337
337
337
338
338
338
338
339
339
339
339
340
340
340
341
341
341
342
342
342
342
343
343
343
343
344
344
344
344
345
345
345
345
346
346
346
347
347
347
348
348
349
349
349
350
350
350
351
351
352
352
352
353
353
353
354
354
354
355
355
355
356
356
356
357
357
358
358
359
359
359
360
361
362
362
363
364
364
365
366
367
368
368
368
369
369
369
369
370
370
371
371
371
372
372
373
373
373
374
374
374
375
375
375
375
376
376
376
376
377
377
377
378
378
378
379
379
379
380
380
380
381
381
381
382
383
384
385
385
386
386
387
387
388
388
389
389
390
390
390
390
391
391
391
392
392
392
393
393
394
394
395
395
396
396
397
397
398
398
399
400
400
401
401
401
402
402
402
403
403
404
404
404
405
405
405
406
406
407
407
408
408
409
409
410
410
410
411
411
412
412
412
413
413
413
414
414
414
415
415
416
416
416
416
417
417
417
419
419
419
419
420
420
420
422
422
422
422
423
423
423
424
425
425
425
427
428
428
429
429
429
430
430
431
431
431
432
432
432
433
433
434
434
434
436
436
436
437
438
438
439
440
440
442
443
444
444
444
445
445
445
446
446
446
448
448
448
449
449
450
450
451
451
452
452
453
454
454
454
455
456
456
458
458
459
460
460
461
461
462
463
464
464
464
465
465
466
466
467
467
467
468
469
469
470
471
471
472
472
473
474
475
475
476
476
477
478
479
479
479
480
481
482
483
483
483
483
484
484
484
484
485
485
485
486
486
486
487
487
487
488
488
488
489
489
489
490
490
491
491
491
491
492
492
493
493
494
494
494
495
495
495
496
496
496
496
497
497
497
498
498
498
499
499
499
500
500
500
501
501
501
502
502
502
503
503
503
503
504
504
504
504
505
505
505
505
506
506
506
506
507
507
507
508
508
508
508
509
509
509
510
510
510
511
511
511
512
512
512
512
513
513
513
513
514
514
514
515
515
515
516
516
517
517
517
517
518
518
518
519
519
519
520
520
521
521
521
522
522
522
523
523
523
523
524
524
524
524
525
525
525
526
526
526
527
527
527
528
528
528
529
529
529
529
530
530
530
530
531
531
531
531
532
532
532
532
533
533
534
534
535
535
535
536
536
536
537
537
537
538
538
538
539
539
539
540
540
540
541
541
542
542
542
543
543
543
544
544
545
545
545
546
546
546
546
547
547
548
548
548
549
549
549
550
551
551
551
552
552
552
552
553
553
553
553
554
554
554
555
555
555
556
557
557
557
557
558
558
558
559
559
559
560
560
561
561
561
562
562
563
563
564
564
565
565
566
567
567
568
568
568
569
569
569
570
571
571
572
572
573
573
574
574
575
575
575
576
576
576
577
577
578
578
578
579
579
580
581
582
582
582
583
583
583
584
584
584
585
585
586
587
587
588
588
588
589
589
589
590
590
591
591
591
592
593
593
593
594
594
594
595
595
596
596
596
597
597
598
599
599
600
600
601
601
602
602
603
604
605
605
605
606
606
606
607
607
608
608
609
610
611
611
611
612
612
613
614
614
615
616
618
620
620
621
622
623
626
627
627
627
628
628
630
631
631
632
632
632
633
633
634
635
636
637
637
638
638
638
639
640
640
641
641
642
642
644
644
646
648
649
651
652
652
652
653
653
654
655
655
657
657
657
658
658
661
662
662
662
663
666
667
669
670
671
672
672
673
674
675
675
677
679
681
682
682
682
683
684
684
684
686
686
687
687
687
689
690
691
691
692
693
693
693
694
695
697
698
699
699
700
701
703
703
704
705
707
709
711
712
713
713
715
715
717
717
717
718
719
721
723
723
723
724
724
724
725
725
725
726
726
726
727
727
727
728
728
728
729
729
729
730
730
730
731
731
732
732
733
733
733
734
734
734
735
735
735
736
736
736
737
737
737
738
738
738
739
739
739
740
740
740
741
741
742
742
743
744
745
746
747
748
749
749
749
750
750
750
751
751
751
752
752
752
753
753
754
754
755
755
756
756
757
757
758
758
759
759
760
760
761
761
761
762
762
762
763
763
764
764
765
766
767
768
769
769
770
770
771
772
773
774
775
775
776
776
781
782
783
784
785
787
789
790
793
793
793
793
794
794
794
794
795
795
796
796
797
797
797
798
798
798
799
799
799
800
800
801
801
802
803
804
804
804
805
805
805
806
806
807
807
807
808
808
809
809
810
811
812
812
813
814
814
815
815
816
817
818
818
818
818
819
819
819
819
820
820
820
821
821
821
822
822
822
823
823
824
824
824
825
825
825
826
826
826
827
827
827
828
828
829
829
830
830
831
831
831
832
832
832
833
833
834
837
838
838
839
840
840
841
841
842
843
843
844
845
845
846
847
847
849
849
850
851
853
853
854
855
857
858
859
859
861
862
863
864
865
867
868
869
870
871
871
871
872
872
872
873
873
873
873
874
874
874
874
875
875
875
876
876
876
876
877
877
877
878
878
878
879
879
880
880
881
881
881
881
882
882
883
883
883
884
884
884
884
885
885
885
885
886
886
886
887
887
887
887
888
888
888
889
889
889
890
890
890
891
891
891
892
892
892
893
893
893
893
894
894
895
895
895
896
896
896
897
897
898
898
899
899
899
899
900
900
900
901
901
901
902
902
902
903
903
904
904
904
904
905
905
906
906
907
907
907
907
908
908
908
908
909
909
910
910
910
911
911
912
912
913
914
914
914
914
915
915
916
916
917
918
918
919
919
920
920
921
921
921
922
922
922
923
923
924
924
924
925
925
925
926
926
927
927
927
928
928
928
929
929
929
930
930
930
931
931
932
932
933
933
933
934
935
936
936
936
937
937
938
939
939
939
939
940
941
941
942
942
943
944
944
944
945
945
946
946
947
947
947
948
949
949
950
950
950
950
951
951
951
952
953
953
953
954
954
955
956
956
957
957
957
958
958
958
959
959
959
960
960
961
962
962
965
965
965
966
966
966
967
967
968
968
968
969
969
970
970
970
971
971
972
972
973
973
974
974
974
975
975
975
976
977
977
977
977
978
978
978
978
979
979
979
980
980
980
981
981
981
982
982
983
983
984
985
986
986
986
987
987
988
989
989
990
990
991
992
992
992
993
994
994
994
994
995
995
995
996
996
996
996
997
997
997
997
998
999
999
1000
1000
1001
1001
1002
1002
1002
1002
1003
1003
1003
1004
1005
1006
1006
1007
1007
1007
1008
1008
1008
1009
1009
1010
1012
1012
1013
1013
1013
1014
1014
1014
1016
1017
1017
1018
1018
1019
1020
1020
1021
1022
1023
1024
1024
1025
1025
1025
1026
1026
1026
1028
1028
1028
1029
1029
1030
1031
1031
1031
1031
1032
1032
1032
1033
1033
1034
1034
1035
1035
1035
1037
1037
1038
1038
1039
1041
1042
1042
1042
1043
1044
1044
1045
1045
1045
1047
1047
1047
1047
1048
1048
1048
1049
1049
1049
1049
1050
1050
1051
1051
1052
1052
1054
1054
1054
1055
1055
1056
1056
1057
1057
1058
1058
1059
1059
1059
1060
1063
1064
1064
1065
1065
1065
1066
1066
1066
1066
1067
1068
1068
1069
1069
1070
1071
1072
1072
1072
1073
1073
1074
1074
1074
1075
1075
1076
1077
1078
1079
1079
1079
1079
1080
1081
1081
1082
1083
1083
1084
1085
1085
1085
1086
1086
1087
1087
1087
1088
1088
1089
1090
1090
1091
1093
1093
1094
1094
1095
1098
1098
1099
1100
1100
1101
1102
1102
1103
1103
1103
1104
1104
1105
1105
1106
1107
1107
1108
1109
1109
1110
1110
1111
1112
1112
1112
1113
1113
1114
1114
1115
1116
1116
1117
1117
1119
1120
1121
1123
1125
1125
1127
1129
1130
1130
1131
1131
1132
1134
1135
1136
1137
1138
1138
1139
1140
1140
1141
1141
1141
1141
1142
1142
1142
1143
1143
1144
1145
1146
1146
1148
1149
1150
1150
1151
1152
1152
1153
1154
1154
1156
1156
1156
1157
1158
1158
1160
1160
1161
1162
1164
1164
1165
1165
1166
1166
1167
1167
1168
1169
1170
1171
1171
1172
1172
1173
1175
1175
1176
1177
1177
1179
1179
1179
1180
1181
1182
1182
1183
1184
1186
1186
1186
1186
1187
1187
1187
1187
1188
1188
1188
1188
1189
1189
1189
1189
1190
1190
1190
1191
1191
1191
1192
1192
1192
1193
1193
1193
1193
1194
1194
1194
1195
1195
1195
1195
1196
1196
1196
1197
1197
1197
1198
1198
1198
1198
1199
1199
1199
1199
1200
1200
1200
1200
1201
1201
1201
1201
1202
1202
1202
1202
1203
1203
1203
1203
1204
1204
1204
1205
1205
1205
1205
1206
1206
1206
1206
1207
1207
1207
1208
1208
1208
1208
1209
1209
1209
1209
1210
1210
1210
1211
1211
1212
1212
1212
1213
1213
1213
1213
1214
1214
1214
1215
1215
1215
1216
1216
1217
1218
1221
1221
1221
1221
1222
1222
1222
1223
1223
1223
1223
1224
1224
1224
1225
1225
1225
1226
1226
1226
1227
1227
1228
1228
1228
1229
1229
1229
1230
1230
1231
1231
1231
1232
1232
1232
1233
1233
1233
1234
1234
1234
1235
1235
1235
1236
1236
1237
1237
1238
1238
1238
1239
1240
1241
1241
1242
1243
1243
1244
1245
1246
1247
1247
1247
1247
1248
1248
1248
1249
1249
1250
1250
1250
1251
1251
1252
1252
1252
1253
1253
1253
1253
1254
1254
1254
1255
1255
1255
1256
1256
1256
1256
1257
1257
1257
1258
1258
1258
1259
1259
1260
1260
1261
1262
1262
1263
1264
1265
1265
1266
1266
1267
1267
1268
1268
1269
1269
1269
1269
1270
1270
1270
1271
1271
1271
1272
1272
1273
1273
1274
1275
1276
1276
1277
1277
1278
1279
1279
1280
1280
1281
1282
1282
1283
1283
1284
1284
1284
1285
1285
1285
1286
1287
1287
1287
1288
1288
1288
1289
1290
1290
1291
1292
1292
1293
1293
1294
1294
1295
1295
1296
1296
1297
1297
1297
1298
1298
1298
1298
1299
1299
1299
1301
1301
1301
1303
1304
1304
1305
1305
1305
1306
1306
1307
1307
1308
1308
1308
1308
1309
1310
1311
1312
1312
1312
1313
1314
1315
1316
1316
1316
1318
1318
1320
1320
1320
1321
1321
1322
1323
1323
1324
1324
1324
1325
1325
1326
1326
1327
1327
1328
1328
1329
1330
1330
1331
1331
1332
1333
1334
1334
1335
1336
1336
1337
1338
1339
1340
1340
1340
1341
1341
1341
1343
1343
1344
1344
1345
1345
1345
1346
1346
1346
1347
1347
1348
1349
1350
1350
1350
1351
1352
1353
1354
1354
1354
1354
1355
1355
1355
1356
1356
1356
1357
1357
1357
1357
1358
1358
1358
1359
1359
1360
1360
1360
1360
1361
1361
1362
1363
1363
1363
1363
1364
1364
1364
1364
1365
1365
1365
1366
1366
1366
1367
1367
1368
1368
1368
1368
1369
1369
1370
1371
1372
1372
1373
1373
1373
1373
1374
1374
1375
1375
1375
1376
1376
1377
1377
1377
1377
1378
1378
1378
1378
1379
1379
1379
1379
1380
1380
1380
1381
1381
1381
1382
1382
1382
1382
1383
1383
1383
1383
1384
1384
1385
1385
1385
1386
1386
1386
1387
1387
1387
1388
1388
1388
1388
1389
1389
1389
1390
1390
1390
1391
1391
1392
1392
1392
1393
1393
1393
1393
1394
1394
1395
1395
1395
1396
1396
1396
1397
1397
1397
1397
1398
1398
1398
1398
1399
1399
1399
1400
1400
1400
1401
1401
1401
1402
1402
1402
1403
1403
1404
1404
1405
1405
1405
1406
1406
1406
1407
1407
1407
1408
1408
1408
1408
1409
1409
1410
1410
1411
1411
1411
1412
1412
1413
1413
1414
1414
1415
1415
1415
1416
1416
1416
1416
1417
1417
1418
1418
1418
1419
1419
1420
1421
1421
1421
1422
1422
1422
1422
1423
1423
1423
1423
1424
1424
1424
1425
1425
1425
1426
1427
1427
1427
1427
1428
1428
1428
1429
1429
1429
1430
1430
1431
1431
1432
1432
1433
1433
1434
1435
1436
1437
1437
1438
1438
1440
1440
1441
1441
1441
1442
1442
1443
1443
1443
1444
1445
1445
1446
1446
1446
1447
1447
1447
1448
1448
1449
1449
1449
1450
1450
1451
1451
1452
1452
1453
1453
1453
1454
1454
1454
1455
1455
1455
1456
1456
1457
1458
1458
1459
1460
1460
1460
1462
1462
1462
1463
1463
1463
1464
1464
1464
1465
1465
1466
1466
1466
1467
1468
1468
1469
1470
1470
1471
1471
1472
1472
1473
1473
1474
1475
1475
1475
1476
1476
1476
1477
1478
1478
1479
1480
1480
1480
1481
1481
1482
1483
1484
1484
1485
1487
1489
1489
1490
1491
1492
1496
1497
1497
1498
1498
1500
1501
1502
1502
1502
1503
1503
1504
1505
1506
1507
1507
1508
1508
1508
1509
1510
1510
1511
1511
1512
1512
1514
1514
1516
1518
1519
1521
1522
1522
1522
1523
1524
1525
1525
1528
1528
1528
1529
1529
1531
1532
1532
1532
1533
1536
1537
1539
1540
1540
1542
1542
1543
1543
1545
1545
1545
1546
1547
1549
1550
1551
1553
1554
1554
1555
1555
1556
1557
1558
1559
1559
1561
1561
1562
1563
1563
1563
1564
1565
1567
1567
1569
1569
1570
1571
1573
1573
1574
1575
1577
1579
1581
1582
1583
1583
1585
1586
1587
1587
1588
1589
1591
1593
1593
1594
1594
1594
1595
1595
1596
1596
1596
1597
1597
1598
1598
1598
1599
1599
1600
1600
1600
1601
1601
1602
1602
1603
1603
1603
1604
1604
1604
1605
1605
1605
1606
1606
1606
1607
1607
1607
1608
1608
1608
1609
1609
1609
1610
1610
1610
1611
1611
1612
1612
1613
1614
1615
1616
1617
1618
1619
1619
1619
1620
1620
1620
1621
1621
1621
1622
1622
1622
1623
1623
1624
1624
1625
1625
1626
1626
1627
1627
1628
1628
1629
1629
1630
1630
1631
1631
1631
1632
1632
1632
1633
1633
1634
1634
1635
1636
1637
1638
1639
1639
1640
1641
1643
1645
1645
1646
1651
1652
1653
1654
1655
1657
1659
1660
1663
1663
1663
1663
1664
1664
1664
1664
1665
1665
1666
1666
1666
1667
1667
1667
1668
1668
1668
1669
1669
1669
1670
1670
1671
1671
1672
1672
1672
1673
1674
1675
1675
1675
1676
1676
1676
1677
1677
1677
1678
1679
1679
1680
1680
1681
1681
1682
1682
1683
1684
1684
1686
1687
1687
1688
1689
1689
1689
1689
1690
1690
1690
1690
1691
1691
1691
1692
1692
1692
1693
1693
1693
1694
1694
1694
1695
1695
1695
1696
1696
1697
1697
1698
1698
1698
1699
1700
1701
1701
1701
1702
1702
1703
1703
1703
1704
1704
1705
1705
1706
1709
1710
1710
1711
1712
1712
1717
1718
1719
1719
1721
1723
1723
1724
1725
1727
1728
1729
1730
1731
1731
1732
1734
1734
1736
1738
1740
1740
1740
1741
1741
1741
1742
1742
1742
1743
1743
1743
1744
1744
1744
1745
1745
1745
1746
1746
1747
1747
1748
1748
1748
1749
1749
1749
1750
1750
1750
1751
1751
1751
1751
1752
1752
1753
1753
1753
1753
1754
1754
1754
1754
1755
1755
1755
1756
1756
1756
1756
1757
1757
1757
1758
1758
1758
1759
1759
1760
1760
1760
1760
1761
1761
1761
1762
1762
1763
1763
1763
1763
1764
1764
1765
1765
1766
1766
1767
1767
1767
1768
1768
1768
1769
1769
1769
1770
1770
1770
1770
1771
1771
1771
1771
1772
1772
1772
1773
1773
1773
1774
1774
1774
1774
1775
1775
1775
1776
1776
1777
1777
1777
1778
1778
1778
1779
1779
1780
1780
1780
1781
1781
1781
1782
1782
1783
1783
1784
1784
1784
1784
1785
1785
1786
1786
1786
1787
1787
1787
1787
1788
1788
1788
1788
1789
1789
1790
1790
1791
1791
1792
1792
1792
1792
1793
1793
1793
1794
1794
1795
1795
1796
1796
1797
1798
1798
1799
1799
1799
1800
1800
1800
1801
1801
1802
1802
1803
1804
1804
1805
1805
1806
1806
1806
1807
1807
1808
1809
1809
1810
1810
1811
1811
1812
1812
1812
1813
1813
1813
1814
1814
1814
1815
1815
1816
1817
1817
1817
1817
1818
1819
1819
1819
1819
1820
1820
1820
1821
1822
1822
1823
1824
1824
1824
1825
1825
1826
1826
1826
1827
1828
1829
1829
1829
1830
1830
1831
1831
1831
1832
1832
1833
1834
1834
1834
1835
1836
1836
1836
1836
1837
1837
1837
1837
1838
1838
1838
1839
1839
1840
1840
1840
1841
1841
1841
1842
1842
1842
1842
1843
1843
1843
1843
1844
1844
1844
1845
1845
1845
1846
1846
1847
1847
1848
1848
1848
1849
1849
1850
1851
1851
1852
1852
1856
1856
1857
1857
1858
1858
1859
1859
1860
1860
1860
1861
1862
1862
1862
1863
1863
1863
1864
1864
1865
1865
1866
1866
1866
1867
1867
1867
1868
1869
1869
1869
1870
1870
1870
1871
1871
1871
1872
1872
1873
1873
1874
1875
1875
1875
1875
1876
1876
1877
1878
1878
1879
1879
1879
1879
1880
1880
1880
1881
1881
1881
1882
1883
1884
1885
1885
1886
1886
1886
1887
1887
1888
1888
1889
1889
1890
1891
1892
1893
1893
1894
1894
1895
1895
1896
1896
1897
1898
1898
1898
1898
1899
1899
1900
1901
1901
1901
1902
1902
1903
1903
1903
1905
1905
1905
1906
1907
1908
1908
1908
1909
1909
1909
1910
1910
1911
1911
1911
1913
1913
1913
1914
1914
1914
1915
1915
1916
1916
1916
1916
1918
1919
1920
1921
1921
1923
1923
1924
1924
1925
1926
1926
1928
1928
1928
1929
1929
1929
1930
1930
1930
1931
1931
1931
1933
1933
1934
1934
1935
1935
1936
1936
1936
1936
1937
1937
1937
1937
1938
1939
1939
1939
1941
1941
1942
1943
1944
1944
1944
1945
1945
1946
1946
1946
1947
1947
1948
1949
1949
1950
1950
1951
1951
1952
1952
1952
1953
1953
1953
1953
1954
1954
1955
1955
1956
1958
1958
1958
1958
1959
1960
1962
1962
1962
1962
1963
1963
1963
1963
1964
1964
1965
1966
1967
1968
1968
1969
1970
1971
1973
1973
1974
1974
1975
1976
1977
1977
1978
1979
1979
1979
1982
1982
1983
1983
1983
1984
1985
1986
1987
1987
1988
1989
1990
1990
1991
1992
1992
1993
1993
1994
1996
1996
1997
1997
1998
1998
1999
1999
2000
2002
2003
2004
2004
2005
2005
2005
2006
2006
2007
2007
2008
2009
2010
2010
2011
2011
2011
2012
2013
2014
2016
2018
2019
2020
2020
2021
2022
2023
2025
2025
2027
2027
2028
2028
2029
2031
2031
2033
2033
2034
2035
2036
2037
2039
2039
2040
2041
2043
2044
2045
2045
2046
2047
2047
2048
2049
2051
2051
2051
2052
2053
2053
2055
2055
2056
2057
2059
2060
2060
2060
2061
2062
2062
2064
2064
2064
2064
2065
2065
2065
2065
2066
2066
2066
2066
2067
2067
2067
2067
2068
2068
2068
2069
2069
2069
2070
2070
2070
2071
2071
2071
2071
2072
2072
2072
2073
2073
2073
2073
2074
2074
2074
2075
2075
2075
2076
2076
2076
2076
2077
2077
2077
2077
2078
2078
2078
2078
2079
2079
2079
2079
2080
2080
2080
2080
2081
2081
2081
2081
2082
2082
2082
2083
2083
2083
2083
2084
2084
2084
2084
2085
2085
2085
2085
2086
2086
2086
2087
2087
2087
2087
2088
2088
2088
2089
2089
2089
2089
2090
2090
2090
2091
2091
2091
2092
2092
2093
2095
2095
2095
2095
2096
2096
2096
2097
2097
2097
2097
2098
2098
2098
2099
2099
2099
2100
2100
2100
2101
2101
2102
2102
2102
2103
2103
2103
2104
2104
2105
2105
2105
2106
2106
2106
2107
2107
2107
2108
2108
2108
2109
2109
2109
2110
2110
2111
2111
2111
2112
2112
2113
2114
2115
2115
2116
2117
2117
2118
2119
2120
2121
2121
2121
2121
2122
2122
2122
2123
2123
2124
2124
2124
2125
2125
2125
2126
2126
2127
2127
2127
2127
2128
2128
2128
2129
2129
2129
2129
2130
2130
2130
2131
2131
2131
2132
2132
2133
2133
2133
2134
2134
2135
2136
2136
2137
2138
2139
2139
2140
2140
2141
2141
2142
2142
2143
2143
2143
2143
2144
2144
2144
2145
2145
2145
2146
2146
2147
2147
2148
2149
2149
2150
2151
2151
2152
2153
2153
2153
2154
2154
2155
2155
2156
2156
2156
2157
2157
2158
2158
2159
2159
2159
2160
2160
2160
2161
2161
2162
2162
2163
2164
2165
2166
2166
2167
2168
2168
2169
2169
2169
2169
2170
2171
2171
2172
2172
2172
2173
2174
2174
2174
2175
2175
2175
2177
2177
2177
2179
2179
2179
2180
2180
2181
2181
2182
2182
2182
2182
2183
2184
2185
2186
2186
2187
2187
2188
2188
2190
2190
2192
2192
2192
2194
2194
2194
2195
2195
2195
2196
2196
2196
2197
2197
2199
2199
2199
2200
2201
2201
2202
2202
2203
2204
2204
2205
2206
2206
2207
2208
2209
2210
2210
2210
2211
2212
2212
2214
2214
2214
2215
2216
2216
2217
2217
2218
2218
2219
2220
2221
2221
2221
2221
2222
2222
2223
2224
2224
2225
2225
2226
2226
2227
2228
2228
2229
2229
2230
2230
2232
2232
2232
2232
2233
2233
2233
2233
2234
2234
2234
2235
2235
2235
2236
2236
2236
2236
2237
2237
2237
2237
2238
2238
2238
2238
2239
2239
2240
2240
2240
2240
2241
2241
2241
2241
2242
2242
2242
2243
2243
2243
2244
2244
2244
2245
2245
2245
2246
2246
2247
2247
2248
2248
2248
2249
2249
2249
2250
2250
2251
2251
2252
2252
2253
2253
2254
2254
2255
2255
2256
2256
2256
2257
2257
2257
2257
2258
2258
2258
2258
2259
2259
2259
2260
2260
2260
2261
2261
2261
2262
2262
2262
2262
2263
2263
2264
2264
2264
2265
2265
2265
2266
2266
2267
2267
2267
2268
2269
2270
2270
2270
2271
2271
2271
2272
2272
2272
2273
2273
2274
2278
2278
2279
2280
2280
2280
2282
2283
2284
2284
2285
2286
2287
2287
2289
2289
2290
2291
2291
2293
2293
2293
2294
2295
2297
2297
2298
2298
2299
2300
2301
2301
2302
2304
2305
2306
2306
2307
2308
2309
2310
2310
2310
2310
2311
2311
2311
2311
2312
2312
2312
2313
2313
2313
2314
2314
2314
2315
2315
2316
2316
2317
2317
2317
2318
2318
2319
2319
2319
2320
2320
2321
2321
2321
2321
2322
2322
2323
2323
2323
2324
2324
2324
2324
2325
2325
2326
2326
2326
2327
2328
2328
2328
2329
2329
2330
2330
2331
2332
2332
2332
2332
2333
2333
2334
2334
2334
2335
2335
2335
2336
2336
2337
2337
2337
2338
2338
2339
2339
2339
2340
2340
2340
2340
2341
2341
2342
2342
2343
2343
2343
2344
2344
2344
2345
2345
2346
2346
2346
2347
2347
2347
2348
2348
2348
2349
2349
2349
2350
2350
2350
2351
2351
2351
2352
2352
2353
2353
2353
2354
2354
2354
2355
2355
2355
2356
2356
2356
2357
2357
2357
2358
2358
2359
2359
2360
2360
2360
2361
2361
2361
2361
2362
2362
2363
2363
2363
2364
2364
2364
2365
2365
2366
2366
2366
2367
2367
2367
2368
2368
2369
2369
2370
2370
2370
2371
2371
2372
2372
2373
2373
2374
2374
2374
2375
2375
2375
2376
2376
2376
2377
2377
2377
2378
2378
2379
2379
2379
2380
2380
2380
2381
2381
2382
2382
2383
2383
2383
2384
2384
2385
2385
2385
2386
2386
2387
2387
2387
2388
2388
2389
2390
2391
2392
2392
2393
2393
2394
2394
2396
2396
2397
2397
2397
2398
2398
2399
2399
2400
2400
2401
2401
2401
2402
2402
2402
2404
2404
2404
2405
2405
2406
2406
2407
2407
2407
2408
2408
2409
2409
2409
2410
2410
2410
2411
2411
2412
2412
2412
2413
2413
2414
2414
2415
2415
2416
2416
2417
2417
2418
2419
2419
2419
2420
2420
2420
2421
2421
2422
2422
2423
2425
2425
2426
2427
2427
2427
2428
2428
2429
2429
2430
2430
2431
2431
2432
2432
2432
2433
2434
2435
2435
2435
2436
2437
2437
2438
2439
2439
2439
2440
2441
2442
2444
2445
2447
2447
2449
2451
2453
2453
2455
2456
2457
2457
2458
2459
2459
2460
2461
2461
2462
2463
2463
2465
2465
2466
2466
2468
2468
2469
2472
2473
2473
2474
2475
2476
2477
2478
2478
2478
2482
2484
2484
2485
2489
2492
2492
2494
2494
2495
2496
2497
2497
2498
2499
2500
2500
2502
2503
2504
2506
2506
2507
2508
2508
2508
2510
2511
2512
2512
2513
2514
2514
2515
2516
2518
2518
2519
2520
2522
2522
2523
2524
2526
2526
2527
2528
2530
2532
2534
2534
2535
2536
2537
2538
2540
2540
2542
2542
2543
2544
2546
2546
2547
2548
2550
2552
2552
2553
2553
2553
2554
2554
2555
2555
2555
2556
2556
2557
2557
2557
2558
2558
2559
2559
2559
2560
2560
2561
2561
2562
2562
2562
2563
2563
2563
2564
2564
2564
2565
2565
2565
2566
2566
2566
2567
2567
2567
2568
2568
2568
2569
2569
2569
2570
2570
2571
2572
2572
2573
2574
2575
2576
2577
2578
2578
2578
2579
2579
2579
2580
2580
2580
2581
2581
2581
2582
2582
2583
2583
2584
2584
2585
2585
2586
2586
2587
2587
2588
2588
2589
2589
2590
2590
2590
2591
2591
2591
2592
2592
2593
2593
2594
2595
2596
2597
2598
2598
2599
2600
2602
2604
2604
2605
2610
2611
2612
2613
2614
2615
2618
2619
2622
2622
2622
2623
2623
2623
2624
2624
2624
2625
2625
2625
2626
2626
2626
2627
2627
2627
2628
2628
2628
2629
2629
2630
2630
2631
2631
2631
2632
2632
2632
2633
2633
2633
2634
2634
2634
2634
2635
2635
2636
2636
2636
2636
2637
2637
2637
2638
2638
2638
2639
2639
2639
2640
2640
2640
2641
2641
2642
2642
2642
2643
2643
2643
2644
2644
2644
2644
2645
2645
2646
2646
2647
2647
2648
2648
2648
2649
2649
2649
2649
2650
2650
2650
2650
2651
2651
2651
2651
2652
2652
2652
2653
2653
2653
2654
2654
2654
2655
2655
2655
2655
2656
2656
2656
2657
2657
2658
2658
2658
2659
2659
2659
2660
2660
2661
2661
2662
2662
2663
2663
2664
2664
2665
2665
2665
2666
2666
2666
2667
2667
2667
2668
2668
2669
2669
2670
2670
2671
2671
2671
2672
2672
2672
2672
2673
2673
2673
2673
2674
2674
2674
2675
2675
2676
2676
2677
2677
2678
2678
2678
2678
2679
2679
2680
2680
2680
2681
2681
2682
2682
2683
2683
2684
2684
2685
2685
2686
2686
2687
2688
2689
2689
2690
2690
2691
2691
2691
2692
2692
2693
2694
2694
2694
2695
2695
2695
2696
2696
2697
2697
2698
2699
2699
2699
2700
2700
2701
2701
2701
2701
2702
2702
2703
2704
2704
2704
2705
2705
2706
2706
2707
2707
2708
2708
2709
2710
2710
2710
2711
2712
2712
2712
2713
2713
2713
2714
2715
2715
2715
2716
2716
2716
2717
2717
2718
2718
2718
2719
2719
2720
2720
2720
2721
2721
2721
2721
2722
2722
2722
2722
2723
2723
2723
2723
2724
2724
2724
2725
2725
2725
2725
2726
2726
2726
2728
2728
2729
2729
2730
2730
2731
2732
2732
2733
2733
2733
2736
2737
2737
2738
2738
2739
2739
2739
2740
2740
2740
2742
2742
2743
2743
2743
2744
2744
2745
2745
2746
2746
2747
2747
2748
2749
2749
2749
2750
2750
2750
2751
2751
2752
2753
2754
2755
2755
2755
2756
2757
2757
2758
2758
2758
2758
2759
2760
2760
2760
2761
2761
2761
2762
2763
2763
2764
2765
2766
2766
2766
2767
2767
2768
2768
2769
2770
2770
2771
2772
2772
2772
2773
2774
2774
2775
2775
2776
2778
2779
2779
2779
2780
2780
2781
2781
2781
2782
2783
2783
2783
2784
2784
2785
2785
2785
2786
2786
2786
2787
2787
2788
2788
2788
2790
2790
2790
2791
2792
2792
2792
2793
2793
2793
2793
2795
2795
2796
2796
2798
2798
2798
2798
2799
2799
2800
2801
2802
2803
2803
2803
2805
2806
2807
2808
2808
2810
2810
2810
2811
2811
2811
2812
2812
2812
2813
2813
2813
2815
2815
2816
2816
2817
2817
2818
2818
2818
2818
2820
2820
2820
2820
2821
2822
2822
2822
2823
2823
2826
2826
2826
2827
2828
2828
2829
2829
2830
2831
2832
2832
2832
2833
2833
2834
2835
2836
2836
2836
2837
2837
2837
2839
2840
2841
2843
2843
2843
2843
2844
2844
2844
2844
2845
2846
2847
2848
2849
2850
2852
2853
2854
2854
2855
2855
2856
2856
2858
2858
2859
2860
2860
2860
2863
2863
2864
2865
2865
2866
2866
2866
2867
2868
2869
2869
2870
2871
2871
2873
2873
2874
2874
2875
2876
2877
2878
2881
2882
2882
2883
2884
2884
2885
2886
2887
2888
2889
2890
2891
2892
2892
2893
2894
2895
2896
2897
2898
2898
2898
2899
2900
2900
2902
2904
2906
2908
2909
2910
2910
2911
2912
2914
2915
2916
2916
2918
2920
2921
2922
2922
2924
2924
2926
2926
2927
2928
2928
2929
2930
2930
2931
2932
2934
2934
2935
2936
2938
2938
2939
2940
2942
2942
2943
2944
2946
2946
2946
2946
2947
2947
2947
2947
2948
2948
2948
2948
2949
2949
2949
2949
2950
2950
2950
2951
2951
2951
2951
2952
2952
2952
2952
2953
2953
2953
2954
2954
2954
2955
2955
2955
2955
2956
2956
2956
2956
2957
2957
2957
2957
2958
2958
2958
2958
2959
2959
2959
2959
2960
2960
2960
2960
2961
2961
2961
2961
2962
2962
2962
2962
2963
2963
2963
2963
2964
2964
2964
2964
2965
2965
2965
2965
2966
2966
2966
2967
2967
2967
2968
2968
2968
2969
2969
2970
2970
2970
2971
2971
2971
2972
2972
2973
2973
2974
2974
2974
2975
2977
2977
2977
2978
2978
2978
2979
2979
2979
2980
2980
2980
2981
2981
2981
2982
2982
2982
2983
2983
2983
2984
2984
2985
2985
2985
2986
2986
2987
2987
2987
2988
2988
2988
2989
2989
2989
2990
2990
2990
2991
2991
2991
2992
2992
2992
2993
2993
2994
2994
2994
2995
2995
2996
2997
2997
2998
2998
2999
2999
3000
3000
3001
3002
3002
3003
3004
3005
3005
3005
3005
3006
3006
3006
3006
3007
3007
3007
3007
3008
3008
3009
3009
3009
3010
3010
3010
3011
3011
3011
3011
3012
3012
3012
3013
3013
3013
3014
3014
3014
3015
3015
3016
3016
3017
3017
3018
3018
3019
3019
3020
3021
3021
3022
3022
3023
3023
3024
3024
3025
3025
3026
3026
3027
3027
3027
3027
3028
3028
3028
3029
3030
3030
3031
3032
3032
3033
3034
3035
3036
3036
3037
3038
3038
3039
3040
3040
3041
3042
3042
3043
3044
3044
3045
3046
3046
3047
3047
3048
3049
3049
3050
3050
3051
3051
3051
3052
3052
3054
3054
3054
3055
3056
3057
3058
3058
3059
3059
3060
3060
3062
3062
3062
3062
3063
3064
3064
3065
3065
3065
3065
3066
3066
3067
3068
3069
3069
3070
3071
3071
3073
3073
3073
3074
3075
3075
3076
3076
3077
3077
3078
3078
3080
3081
3082
3082
3082
3083
3083
3083
3084
3084
3085
3086
3086
3087
3087
3088
3089
3089
3090
3090
3091
3092
3092
3093
3094
3094
3095
3096
3097
3098
3098
3098
3099
3100
3102
3102
3102
3103
3104
3104
3106
3106
3108
3109
3110
3110
3110
3111
3112
3112
3114
3114
3114
3114
3115
3115
3115
3115
3116
3116
3116
3117
3117
3117
3118
3118
3118
3118
3119
3119
3119
3119
3120
3120
3120
3120
3121
3121
3122
3122
3123
3123
3123
3124
3124
3124
3125
3125
3125
3126
3126
3126
3127
3127
3128
3128
3128
3129
3129
3130
3130
3131
3131
3132
3133
3133
3133
3133
3134
3134
3134
3134
3135
3135
3135
3135
3136
3136
3136
3136
3137
3137
3137
3138
3138
3138
3139
3139
3139
3140
3140
3140
3141
3141
3141
3141
3142
3142
3142
3143
3143
3144
3144
3145
3145
3146
3146
3147
3148
3148
3149
3149
3150
3151
3151
3151
3152
3152
3152
3153
3153
3153
3154
3154
3155
3159
3160
3162
3163
3166
3166
3167
3167
3168
3168
3168
3170
3170
3171
3172
3172
3174
3174
3174
3175
3176
3178
3178
3179
3179
3180
3181
3181
3182
3182
3182
3184
3184
3186
3188
3189
3190
3191
3192
3192
3193
3193
3194
3194
3195
3195
3196
3196
3197
3197
3198
3198
3199
3199
3200
3200
3201
3201
3202
3202
3202
3203
3203
3203
3204
3204
3204
3205
3205
3205
3206
3206
3206
3207
3207
3207
3208
3208
3208
3209
3209
3209
3210
3210
3211
3212
3212
3213
3214
3215
3216
3217
3218
3218
3218
3219
3219
3219
3220
3220
3220
3221
3221
3221
3222
3222
3223
3223
3224
3224
3225
3225
3226
3226
3227
3227
3228
3228
3229
3229
3230
3230
3230
3231
3231
3231
3232
3232
3233
3233
3234
3235
3236
3237
3238
3239
3244
3245
3250
3251
3252
3253
3254
3255
3258
3259
3262
3262
3262
3262
3263
3263
3263
3263
3264
3264
3264
3265
3265
3265
3266
3266
3266
3267
3267
3267
3268
3268
3269
3269
3270
3270
3270
3271
3271
3272
3273
3274
3274
3274
3274
3275
3275
3276
3276
3276
3277
3277
3277
3278
3278
3279
3279
3280
3281
3281
3282
3282
3283
3284
3284
3284
3285
3285
3285
3286
3286
3287
3287
3287
3287
3288
3288
3289
3289
3290
3290
3291
3291
3291
3292
3292
3293
3293
3293
3294
3294
3295
3295
3295
3296
3296
3296
3297
3297
3298
3298
3298
3299
3299
3299
3300
3300
3300
3301
3301
3301
3302
3302
3302
3303
3303
3303
3304
3304
3304
3305
3305
3306
3306
3306
3307
3307
3308
3308
3309
3309
3309
3310
3310
3310
3311
3311
3311
3312
3312
3312
3313
3313
3313
3314
3314
3314
3315
3315
3316
3316
3317
3317
3318
3318
3319
3319
3319
3320
3320
3320
3321
3321
3322
3322
3323
3323
3324
3324
3325
3325
3325
3325
3326
3326
3327
3327
3328
3328
3329
3329
3329
3330
3330
3330
3331
3331
3332
3332
3332
3333
3333
3334
3334
3335
3335
3335
3336
3336
3337
3337
3337
3338
3338
3339
3339
3340
3340
3341
3341
3342
3342
3342
3343
3346
3347
3347
3348
3348
3350
3351
3352
3352
3353
3353
3354
3354
3355
3355
3356
3356
3357
3357
3358
3359
3359
3359
3360
3361
3362
3363
3363
3363
3364
3364
3364
3365
3365
3365
3366
3366
3367
3368
3368
3369
3370
3371
3371
3371
3373
3373
3373
3375
3375
3375
3376
3376
3377
3377
3378
3378
3379
3380
3380
3382
3382
3382
3383
3383
3385
3386
3386
3386
3387
3388
3389
3389
3390
3391
3391
3391
3392
3392
3393
3394
3395
3397
3399
3400
3402
3402
3403
3403
3404
3404
3406
3407
3407
3409
3409
3410
3411
3412
3413
3414
3414
3417
3418
3418
3419
3421
3421
3423
3423
3425
3426
3426
3427
3428
3428
3429
3430
3430
3431
3432
3433
3433
3433
3437
3438
3439
3439
3442
3444
3447
3448
3448
3450
3450
3451
3452
3454
3455
3456
3458
3460
3462
3464
3465
3465
3466
3466
3467
3468
3469
3470
3471
3471
3472
3473
3475
3475
3476
3476
3477
3479
3479
3480
3480
3481
3483
3483
3483
3484
3485
3487
3489
3489
3490
3491
3493
3493
3494
3495
3497
3499
3499
3500
3501
3503
3503
3504
3505
1
4
31
40
43
44
46
47
49
54
57
63
64
65
70
71
72
75
77
80
85
86
88
89
94
97
98
107
108
111
113
121
127
128
130
133
133
134
137
138
141
141
142
142
143
143
146
150
150
154
156
157
160
161
165
165
170
173
179
182
183
186
187
192
193
196
197
214
215
216
217
230
232
233
237
239
251
264
275
276
281
284
285
287
292
293
295
299
310
314
872
875
903
911
912
913
916
917
919
923
926
929
936
937
938
943
944
945
948
952
955
960
961
963
964
971
974
976
984
985
988
991
998
1004
1005
1006
1010
1010
1011
1015
1016
1019
1019
1020
1021
1021
1022
1022
1027
1030
1030
1036
1039
1040
1041
1046
1046
1050
1053
1061
1063
1064
1067
1068
1073
1074
1077
1078
1094
1095
1096
1097
1108
1109
1110
1111
1113
1120
1122
1140
1156
1157
1160
1161
1164
1165
1167
1173
1181
1184
1740
1741
1742
1743
1744
1745
1746
1747
1750
1767
1780
1782
1785
1791
1796
1797
1801
1803
1807
1808
1816
1818
1820
1832
1833
1835
1846
1847
1849
1850
1851
1853
1854
1855
1856
1861
1864
1868
1874
1877
1881
1887
1888
1890
1890
1891
1892
1892
1895
1897
1897
1899
1900
1904
1906
1906
1907
1910
1912
1914
1915
1917
1922
1922
1927
1932
1938
1938
1940
1942
1943
1951
1955
1957
1959
1965
1974
1975
1982
1987
2001
2002
2015
2038
2047
2048
2051
2052
2055
2056
2059
2063
2622
2623
2624
2625
2626
2628
2629
2630
2633
2648
2659
2661
2665
2670
2675
2681
2683
2686
2687
2688
2693
2698
2709
2711
2714
2727
2728
2729
2730
2731
2734
2735
2736
2737
2741
2745
2748
2754
2756
2760
2761
2767
2768
2769
2771
2771
2773
2773
2776
2777
2778
2778
2781
2782
2787
2787
2789
2791
2794
2795
2796
2797
2804
2804
2809
2814
2819
2821
2821
2824
2825
2831
2835
2839
2840
2846
2856
2857
2863
2865
2879
2880
2892
2909
2930
2931
2934
2935
2938
2939
2944
2945
)


// ************************************************************************* //
