/*--------------------------------*- C++ -*----------------------------------*\
  =========                 |
  \\      /  F ield         | OpenFOAM: The Open Source CFD Toolbox
   \\    /   O peration     | Website:  https://openfoam.org
    \\  /    A nd           | Version:  6
     \\/     M anipulation  |
\*---------------------------------------------------------------------------*/
FoamFile
{
    version     2.0;
    format      ascii;
    class       vectorField;
    location    "constant/polyMesh";
    object      points;
}
// * * * * * * * * * * * * * * * * * * * * * * * * * * * * * * * * * * * * * //


674
(
(0 0 0)
(2.2645 -1.66393e-15 0)
(2.2645 4.255 0)
(3.12652e-15 4.255 0)
(2.39174e-15 3.255 0)
(2.0645 3.255 0)
(2.0645 1 0)
(7.34788e-16 1 0)
(1.1275 1.1875 0)
(1.8275 1.1875 0)
(1.8275 3.0675 0)
(1.1275 3.0675 0)
(1.1475 1.2075 0)
(1.6075 1.2075 0)
(1.6075 3.0475 0)
(1.1475 3.0475 0)
(1.6275 1.1875 0)
(1.6275 3.0675 0)
(1.38661e-16 4.255 -2.2645)
(1.38661e-16 -1.66393e-15 -2.2645)
(1.26414e-16 1 -2.0645)
(1.26414e-16 3.255 -2.0645)
(6.90395e-17 3.0675 -1.1275)
(6.90395e-17 1.1875 -1.1275)
(9.96556e-17 1.1875 -1.6275)
(9.96556e-17 3.0675 -1.6275)
(9.8431e-17 1.2075 -1.6075)
(7.02641e-17 1.2075 -1.1475)
(7.02641e-17 3.0475 -1.1475)
(9.8431e-17 3.0475 -1.6075)
(1.11902e-16 3.0675 -1.8275)
(1.11902e-16 1.1875 -1.8275)
(1.38661e-16 4.255 2.2645)
(1.38661e-16 -1.66393e-15 2.2645)
(1.26414e-16 1 2.0645)
(1.26414e-16 3.255 2.0645)
(6.90395e-17 3.0675 1.1275)
(6.90395e-17 1.1875 1.1275)
(9.96556e-17 1.1875 1.6275)
(9.96556e-17 3.0675 1.6275)
(9.8431e-17 1.2075 1.6075)
(7.02641e-17 1.2075 1.1475)
(7.02641e-17 3.0475 1.1475)
(9.8431e-17 3.0475 1.6075)
(1.11902e-16 3.0675 1.8275)
(1.11902e-16 1.1875 1.8275)
(-2.2645 4.255 -2.77321e-16)
(-2.2645 -1.66393e-15 -2.77321e-16)
(-2.0645 1 -2.52828e-16)
(-2.0645 3.255 -2.52828e-16)
(-1.1275 3.0675 -1.38079e-16)
(-1.1275 1.1875 -1.38079e-16)
(-1.6275 1.1875 -1.99311e-16)
(-1.6275 3.0675 -1.99311e-16)
(-1.6075 1.2075 -1.96862e-16)
(-1.1475 1.2075 -1.40528e-16)
(-1.1475 3.0475 -1.40528e-16)
(-1.6075 3.0475 -1.96862e-16)
(-1.8275 1.1875 -2.23804e-16)
(-1.8275 3.0675 -2.23804e-16)
(0.754833 -5.54643e-16 0)
(1.50967 -1.10929e-15 0)
(2.2645 0.851 0)
(2.2645 1.702 0)
(2.2645 2.553 0)
(2.2645 3.404 0)
(1.50967 4.255 0)
(0.754833 4.255 0)
(0.688167 3.255 0)
(1.37633 3.255 0)
(2.0645 2.50333 0)
(2.0645 1.75167 0)
(1.37633 1 0)
(0.688167 1 0)
(1.6075 2.1275 0)
(1.1475 2.1275 0)
(1.6275 2.1275 0)
(1.1275 2.1275 0)
(1.8275 2.1275 0)
(1.2871e-15 1.75167 0)
(1.83942e-15 2.50333 0)
(2.13057e-15 4.255 -0.754833)
(1.13461e-15 4.255 -1.50967)
(1.38661e-16 3.404 -2.2645)
(1.38661e-16 2.553 -2.2645)
(1.38661e-16 1.702 -2.2645)
(1.38661e-16 0.851 -2.2645)
(9.24404e-17 -1.10929e-15 -1.50967)
(4.62202e-17 -5.54643e-16 -0.754833)
(5.31997e-16 1 -0.688167)
(3.29205e-16 1 -1.37633)
(1.26414e-16 1.75167 -2.0645)
(1.26414e-16 2.50333 -2.0645)
(8.81521e-16 3.255 -1.37633)
(1.63663e-15 3.255 -0.688167)
(2.09213 4.255 -0.866587)
(1.60124 4.255 -1.60124)
(0.866587 4.255 -2.09213)
(2.09213 -2.17403e-15 -0.866587)
(1.60124 -2.35315e-15 -1.60124)
(0.866587 -2.17403e-15 -2.09213)
(1.90735 1 -0.79005)
(1.45982 1 -1.45982)
(0.79005 1 -1.90735)
(1.90735 3.255 -0.79005)
(1.45982 3.255 -1.45982)
(0.79005 3.255 -1.90735)
(6.90395e-17 2.1275 -1.1275)
(9.96556e-17 2.1275 -1.6275)
(7.02641e-17 2.1275 -1.1475)
(9.8431e-17 2.1275 -1.6075)
(0.797263 3.0675 -0.797263)
(0.797263 1.1875 -0.797263)
(1.40946 1.1875 -0.81375)
(0.81375 1.1875 -1.40946)
(1.40946 3.0675 -0.81375)
(0.81375 3.0675 -1.40946)
(1.39214 1.2075 -0.80375)
(0.80375 1.2075 -1.39214)
(0.811405 1.2075 -0.811405)
(0.811405 3.0475 -0.811405)
(1.39214 3.0475 -0.80375)
(0.80375 3.0475 -1.39214)
(1.11902e-16 2.1275 -1.8275)
(1.58266 3.0675 -0.91375)
(0.91375 3.0675 -1.58266)
(1.58266 1.1875 -0.91375)
(0.91375 1.1875 -1.58266)
(2.13057e-15 4.255 0.754833)
(1.13461e-15 4.255 1.50967)
(1.38661e-16 3.404 2.2645)
(1.38661e-16 2.553 2.2645)
(1.38661e-16 1.702 2.2645)
(1.38661e-16 0.851 2.2645)
(9.24404e-17 -1.10929e-15 1.50967)
(4.62202e-17 -5.54643e-16 0.754833)
(5.31997e-16 1 0.688167)
(3.29205e-16 1 1.37633)
(1.26414e-16 1.75167 2.0645)
(1.26414e-16 2.50333 2.0645)
(8.81521e-16 3.255 1.37633)
(1.63663e-15 3.255 0.688167)
(2.09213 4.255 0.866587)
(1.60124 4.255 1.60124)
(0.866587 4.255 2.09213)
(2.09213 -2.17403e-15 0.866587)
(1.60124 -2.35315e-15 1.60124)
(0.866587 -2.17403e-15 2.09213)
(1.90735 1 0.79005)
(1.45982 1 1.45982)
(0.79005 1 1.90735)
(1.90735 3.255 0.79005)
(1.45982 3.255 1.45982)
(0.79005 3.255 1.90735)
(6.90395e-17 2.1275 1.1275)
(9.96556e-17 2.1275 1.6275)
(7.02641e-17 2.1275 1.1475)
(9.8431e-17 2.1275 1.6075)
(0.797263 3.0675 0.797263)
(0.797263 1.1875 0.797263)
(1.40946 1.1875 0.81375)
(0.81375 1.1875 1.40946)
(1.40946 3.0675 0.81375)
(0.81375 3.0675 1.40946)
(1.39214 1.2075 0.80375)
(0.80375 1.2075 1.39214)
(0.811405 1.2075 0.811405)
(0.811405 3.0475 0.811405)
(1.39214 3.0475 0.80375)
(0.80375 3.0475 1.39214)
(1.11902e-16 2.1275 1.8275)
(1.58266 3.0675 0.91375)
(0.91375 3.0675 1.58266)
(1.58266 1.1875 0.91375)
(0.91375 1.1875 1.58266)
(-0.754833 4.255 -9.24404e-17)
(-1.50967 4.255 -1.84881e-16)
(-2.2645 3.404 -2.77321e-16)
(-2.2645 2.553 -2.77321e-16)
(-2.2645 1.702 -2.77321e-16)
(-2.2645 0.851 -2.77321e-16)
(-1.50967 -1.10929e-15 -1.84881e-16)
(-0.754833 -5.54643e-16 -9.24404e-17)
(-0.688167 1 -8.42761e-17)
(-1.37633 1 -1.68552e-16)
(-2.0645 1.75167 -2.52828e-16)
(-2.0645 2.50333 -2.52828e-16)
(-1.37633 3.255 -1.68552e-16)
(-0.688167 3.255 -8.42761e-17)
(-0.866587 4.255 -2.09213)
(-1.60124 4.255 -1.60124)
(-2.09213 4.255 -0.866587)
(-0.866587 -2.17403e-15 -2.09213)
(-1.60124 -2.35315e-15 -1.60124)
(-2.09213 -2.17403e-15 -0.866587)
(-0.79005 1 -1.90735)
(-1.45982 1 -1.45982)
(-1.90735 1 -0.79005)
(-0.79005 3.255 -1.90735)
(-1.45982 3.255 -1.45982)
(-1.90735 3.255 -0.79005)
(-1.1275 2.1275 -1.38079e-16)
(-1.6275 2.1275 -1.99311e-16)
(-1.1475 2.1275 -1.40528e-16)
(-1.6075 2.1275 -1.96862e-16)
(-0.797263 3.0675 -0.797263)
(-0.797263 1.1875 -0.797263)
(-0.81375 1.1875 -1.40946)
(-1.40946 1.1875 -0.81375)
(-0.81375 3.0675 -1.40946)
(-1.40946 3.0675 -0.81375)
(-0.80375 1.2075 -1.39214)
(-1.39214 1.2075 -0.80375)
(-0.811405 1.2075 -0.811405)
(-0.811405 3.0475 -0.811405)
(-0.80375 3.0475 -1.39214)
(-1.39214 3.0475 -0.80375)
(-1.8275 2.1275 -2.23804e-16)
(-0.91375 1.1875 -1.58266)
(-1.58266 1.1875 -0.91375)
(-0.91375 3.0675 -1.58266)
(-1.58266 3.0675 -0.91375)
(-2.09213 4.255 0.866587)
(-1.60124 4.255 1.60124)
(-0.866587 4.255 2.09213)
(-2.09213 -2.17403e-15 0.866587)
(-1.60124 -2.35315e-15 1.60124)
(-0.866587 -2.17403e-15 2.09213)
(-1.90735 1 0.79005)
(-1.45982 1 1.45982)
(-0.79005 1 1.90735)
(-1.90735 3.255 0.79005)
(-1.45982 3.255 1.45982)
(-0.79005 3.255 1.90735)
(-0.797263 3.0675 0.797263)
(-0.797263 1.1875 0.797263)
(-1.40946 1.1875 0.81375)
(-0.81375 1.1875 1.40946)
(-1.40946 3.0675 0.81375)
(-0.81375 3.0675 1.40946)
(-1.39214 1.2075 0.80375)
(-0.80375 1.2075 1.39214)
(-0.811405 1.2075 0.811405)
(-0.811405 3.0475 0.811405)
(-1.39214 3.0475 0.80375)
(-0.80375 3.0475 1.39214)
(-1.58266 1.1875 0.91375)
(-0.91375 1.1875 1.58266)
(-1.58266 3.0675 0.91375)
(-0.91375 3.0675 1.58266)
(2.1645 2.92883 0)
(2.1645 1.32617 0)
(1.81936 3.74864 0)
(1.81936 0.506364 0)
(0.49505 0.504143 0)
(0.49505 3.75086 0)
(1.19483 0.550036 0)
(1.19483 3.70496 0)
(1.61376 3.4909 0)
(1.61376 0.7641 0)
(0.667234 1.6575 0)
(0.667234 2.5975 0)
(0.33885 1.35229 0)
(0.33885 2.90271 0)
(0.393303 2.1275 0)
(1.6175 2.5925 0)
(1.1375 1.6625 0)
(1.1375 2.5925 0)
(1.6175 1.6625 0)
(1.3775 1.6675 0)
(1.3775 2.5875 0)
(1.7275 2.5975 0)
(1.7275 1.6575 0)
(1.25964 4.255 -0.698477)
(0.72596 4.255 -1.24678)
(1.65237 4.255 -0.824484)
(0.736107 4.255 -1.7493)
(0.712921 4.255 -0.513409)
(1.60124 2.1275 -1.60124)
(1.60124 1.16658 -1.60124)
(1.60124 3.08842 -1.60124)
(2.02636 0.842372 -1.01086)
(2.02636 3.48945 -1.01086)
(1.01086 3.41263 -2.02636)
(1.01086 0.765545 -2.02636)
(2.22849 0.770372 -0.402224)
(2.22849 3.49743 -0.402224)
(0.402224 3.48463 -2.22849)
(0.402224 0.757567 -2.22849)
(2.04845 2.70021 -0.965295)
(0.965295 1.55479 -2.04845)
(2.09936 1.75979 -0.848918)
(0.848918 2.49521 -2.09936)
(2.19048 1.26863 -0.574259)
(2.18221 3.06002 -0.604923)
(0.574259 2.98637 -2.19048)
(0.604923 1.19498 -2.18221)
(1.22076 -1.05844e-15 -0.764667)
(0.646059 -1.05096e-15 -1.27606)
(1.65237 -1.35689e-15 -0.824484)
(0.736107 -1.39453e-15 -1.7493)
(0.501976 -6.43737e-16 -0.718015)
(1.14839 1 -0.636788)
(0.661843 1 -1.13666)
(1.50643 1 -0.751666)
(0.671094 1 -1.5948)
(0.649956 1 -0.468065)
(1.93337 1.86442 -0.724058)
(1.49979 1.95377 -1.41873)
(0.830563 2.37553 -1.89006)
(2.0098 2.48976 -0.472088)
(0.471706 1.76483 -2.00989)
(2.04362 2.8729 -0.292897)
(2.03411 1.43847 -0.352951)
(0.292897 1.3821 -2.04362)
(0.352951 2.81653 -2.03411)
(1.7241 1.49367 -1.13563)
(1.0054 1.65265 -1.80314)
(1.75748 2.58343 -1.08324)
(1.30575 2.68455 -1.59912)
(1.11294 3.255 -0.697132)
(0.588999 3.255 -1.16336)
(1.50643 3.255 -0.751666)
(0.671094 3.255 -1.5948)
(0.457642 3.255 -0.654601)
(-1.88147e-15 1.32617 -2.1645)
(-7.03847e-16 2.92883 -2.1645)
(-2.02846e-15 0.506364 -1.81936)
(3.53925e-16 3.74864 -1.81936)
(2.1029e-15 3.75086 -0.49505)
(-2.82748e-16 0.504143 -0.49505)
(1.14586e-15 3.70496 -1.19483)
(-1.17234e-15 0.550036 -1.19483)
(-1.5678e-15 0.7641 -1.61376)
(4.35824e-16 3.4909 -1.61376)
(0.797263 2.1275 -0.797263)
(1.04167 2.5975 -0.431476)
(1.04167 1.6575 -0.431476)
(0.431476 2.5975 -1.04167)
(0.431476 1.6575 -1.04167)
(1.15082 2.1275 -1.15082)
(1.50361 2.1275 -0.622817)
(0.622817 2.1275 -1.50361)
(1.58498 1.6575 -0.369567)
(1.58498 2.5975 -0.369567)
(0.369567 1.6575 -1.58498)
(0.369567 2.5975 -1.58498)
(0.811405 2.1275 -0.811405)
(1.06015 1.6675 -0.439129)
(1.06015 2.5875 -0.439129)
(0.439129 1.6675 -1.06015)
(0.439129 2.5875 -1.06015)
(1.13667 2.1275 -1.13667)
(1.48514 2.1275 -0.615164)
(0.615164 2.1275 -1.48514)
(1.56551 1.6675 -0.365025)
(1.56551 2.5875 -0.365025)
(0.365025 1.6675 -1.56551)
(0.365025 2.5875 -1.56551)
(9.90433e-17 2.5925 -1.6175)
(6.96518e-17 1.6625 -1.1375)
(6.96518e-17 2.5925 -1.1375)
(9.90433e-17 1.6625 -1.6175)
(1.39797 2.1275 -1.17704)
(0.754222 2.1275 -1.6646)
(1.74269 2.44083 -0.550271)
(1.74269 1.81417 -0.550271)
(0.429528 2.5975 -1.77631)
(0.429528 1.6575 -1.77631)
(1.6596e-15 1.6575 -0.667234)
(1.6596e-15 2.5975 -0.667234)
(2.01992e-15 1.35229 -0.33885)
(2.01992e-15 2.90271 -0.33885)
(1.96017e-15 2.1275 -0.393303)
(8.43475e-17 1.6675 -1.3775)
(8.43475e-17 2.5875 -1.3775)
(1.05779e-16 2.5975 -1.7275)
(1.05779e-16 1.6575 -1.7275)
(1.25964 4.255 0.698477)
(0.72596 4.255 1.24678)
(1.65237 4.255 0.824484)
(0.736107 4.255 1.7493)
(0.712921 4.255 0.513409)
(1.60124 2.1275 1.60124)
(1.60124 1.16658 1.60124)
(1.60124 3.08842 1.60124)
(2.02636 0.842372 1.01086)
(2.02636 3.48945 1.01086)
(1.01086 3.41263 2.02636)
(1.01086 0.765545 2.02636)
(2.22849 0.770372 0.402224)
(2.22849 3.49743 0.402224)
(0.402224 3.48463 2.22849)
(0.402224 0.757567 2.22849)
(2.04845 2.70021 0.965295)
(0.965295 1.55479 2.04845)
(2.09936 1.75979 0.848918)
(0.848918 2.49521 2.09936)
(2.19048 1.26863 0.574259)
(2.18221 3.06002 0.604923)
(0.574259 2.98637 2.19048)
(0.604923 1.19498 2.18221)
(1.22076 -1.05844e-15 0.764667)
(0.646059 -1.05096e-15 1.27606)
(1.65237 -1.35689e-15 0.824484)
(0.736107 -1.39453e-15 1.7493)
(0.501976 -6.43737e-16 0.718015)
(1.14839 1 0.636788)
(0.661843 1 1.13666)
(1.50643 1 0.751666)
(0.671094 1 1.5948)
(0.649956 1 0.468065)
(1.93337 1.86442 0.724058)
(1.49979 1.95377 1.41873)
(0.830563 2.37553 1.89006)
(2.0098 2.48976 0.472088)
(0.471706 1.76483 2.00989)
(2.04362 2.8729 0.292897)
(2.03411 1.43847 0.352951)
(0.292897 1.3821 2.04362)
(0.352951 2.81653 2.03411)
(1.7241 1.49367 1.13563)
(1.0054 1.65265 1.80314)
(1.75748 2.58343 1.08324)
(1.30575 2.68455 1.59912)
(1.11294 3.255 0.697132)
(0.588999 3.255 1.16336)
(1.50643 3.255 0.751666)
(0.671094 3.255 1.5948)
(0.457642 3.255 0.654601)
(-1.88147e-15 1.32617 2.1645)
(-7.03847e-16 2.92883 2.1645)
(-2.02846e-15 0.506364 1.81936)
(3.53925e-16 3.74864 1.81936)
(2.1029e-15 3.75086 0.49505)
(-2.82748e-16 0.504143 0.49505)
(1.14586e-15 3.70496 1.19483)
(-1.17234e-15 0.550036 1.19483)
(-1.5678e-15 0.7641 1.61376)
(4.35824e-16 3.4909 1.61376)
(0.797263 2.1275 0.797263)
(1.04167 2.5975 0.431476)
(1.04167 1.6575 0.431476)
(0.431476 2.5975 1.04167)
(0.431476 1.6575 1.04167)
(1.15082 2.1275 1.15082)
(1.50361 2.1275 0.622817)
(0.622817 2.1275 1.50361)
(1.58498 1.6575 0.369567)
(1.58498 2.5975 0.369567)
(0.369567 1.6575 1.58498)
(0.369567 2.5975 1.58498)
(0.811405 2.1275 0.811405)
(1.06015 1.6675 0.439129)
(1.06015 2.5875 0.439129)
(0.439129 1.6675 1.06015)
(0.439129 2.5875 1.06015)
(1.13667 2.1275 1.13667)
(1.48514 2.1275 0.615164)
(0.615164 2.1275 1.48514)
(1.56551 1.6675 0.365025)
(1.56551 2.5875 0.365025)
(0.365025 1.6675 1.56551)
(0.365025 2.5875 1.56551)
(9.90433e-17 2.5925 1.6175)
(6.96518e-17 1.6625 1.1375)
(6.96518e-17 2.5925 1.1375)
(9.90433e-17 1.6625 1.6175)
(1.39797 2.1275 1.17704)
(0.754222 2.1275 1.6646)
(1.74269 2.44083 0.550271)
(1.74269 1.81417 0.550271)
(0.429528 2.5975 1.77631)
(0.429528 1.6575 1.77631)
(1.6596e-15 1.6575 0.667234)
(1.6596e-15 2.5975 0.667234)
(2.01992e-15 1.35229 0.33885)
(2.01992e-15 2.90271 0.33885)
(1.96017e-15 2.1275 0.393303)
(8.43475e-17 1.6675 1.3775)
(8.43475e-17 2.5875 1.3775)
(1.05779e-16 2.5975 1.7275)
(1.05779e-16 1.6575 1.7275)
(-0.698477 4.255 -1.25964)
(-1.24678 4.255 -0.72596)
(-0.824484 4.255 -1.65237)
(-1.7493 4.255 -0.736107)
(-0.513409 4.255 -0.712921)
(-1.60124 2.28115 -1.60124)
(-1.60124 3.19086 -1.60124)
(-1.60124 1.3742 -1.60124)
(-1.01086 3.50653 -2.02636)
(-1.10495 0.83889 -1.97663)
(-2.02636 3.50653 -1.01086)
(-1.97663 0.83889 -1.10495)
(-0.402224 3.50028 -2.22849)
(-0.402224 0.773217 -2.22849)
(-2.22849 3.50028 -0.402224)
(-2.22849 0.773217 -0.402224)
(-0.965295 2.74574 -2.04845)
(-2.04845 2.74574 -0.965295)
(-0.848918 1.80532 -2.09936)
(-2.09936 1.80532 -0.848918)
(-0.604923 3.07639 -2.18221)
(-0.574259 1.28499 -2.19048)
(-2.18221 3.07639 -0.604923)
(-2.19048 1.28499 -0.574259)
(-1.60124 0.762994 -1.60124)
(-0.764667 -1.05844e-15 -1.22076)
(-1.27606 -1.05096e-15 -0.646059)
(-0.824484 -1.35689e-15 -1.65237)
(-1.7493 -1.39453e-15 -0.736107)
(-0.718015 -6.43737e-16 -0.501976)
(-0.636788 1 -1.14839)
(-1.13666 1 -0.661843)
(-0.751666 1 -1.50643)
(-1.5948 1 -0.671094)
(-0.468065 1 -0.649956)
(-0.724058 2.39058 -1.93337)
(-1.46217 2.31319 -1.45747)
(-1.93419 2.39752 -0.721854)
(-0.472088 1.76524 -2.0098)
(-2.00989 1.76639 -0.471706)
(-0.292897 1.3821 -2.04362)
(-0.352951 2.81653 -2.03411)
(-2.04362 1.3821 -0.292897)
(-2.03411 2.81653 -0.352951)
(-1.09183 1.67617 -1.75216)
(-1.75444 1.67752 -1.08817)
(-1.13563 2.76916 -1.7241)
(-1.72893 2.77089 -1.12825)
(-1.46117 1.66672 -1.45847)
(-0.697132 3.255 -1.11294)
(-1.16336 3.255 -0.588999)
(-0.751666 3.255 -1.50643)
(-1.5948 3.255 -0.671094)
(-0.654601 3.255 -0.457642)
(-2.1645 1.32617 -2.65075e-16)
(-2.1645 2.92883 -2.65075e-16)
(-1.81936 0.506364 -2.22807e-16)
(-1.81936 3.74864 -2.22807e-16)
(-0.49505 3.75086 -6.06261e-17)
(-0.49505 0.504143 -6.06261e-17)
(-1.19483 3.70496 -1.46325e-16)
(-1.19483 0.550036 -1.46325e-16)
(-1.61376 0.7641 -1.97628e-16)
(-1.61376 3.4909 -1.97628e-16)
(-0.797263 2.1275 -0.797263)
(-0.431476 2.5975 -1.04167)
(-0.431476 1.6575 -1.04167)
(-1.04167 2.5975 -0.431476)
(-1.04167 1.6575 -0.431476)
(-1.15082 2.1275 -1.15082)
(-0.622817 2.1275 -1.50361)
(-1.50361 2.1275 -0.622817)
(-0.369567 1.6575 -1.58498)
(-0.369567 2.5975 -1.58498)
(-1.58498 1.6575 -0.369567)
(-1.58498 2.5975 -0.369567)
(-0.811405 2.1275 -0.811405)
(-0.439129 1.6675 -1.06015)
(-0.439129 2.5875 -1.06015)
(-1.06015 1.6675 -0.439129)
(-1.06015 2.5875 -0.439129)
(-1.13667 2.1275 -1.13667)
(-0.615164 2.1275 -1.48514)
(-1.48514 2.1275 -0.615164)
(-0.365025 1.6675 -1.56551)
(-0.365025 2.5875 -1.56551)
(-1.56551 1.6675 -0.365025)
(-1.56551 2.5875 -0.365025)
(-1.6175 2.5925 -1.98087e-16)
(-1.1375 1.6625 -1.39304e-16)
(-1.1375 2.5925 -1.39304e-16)
(-1.6175 1.6625 -1.98087e-16)
(-1.17704 2.1275 -1.39797)
(-1.6646 2.1275 -0.754222)
(-0.550271 1.81417 -1.74269)
(-0.550271 2.44083 -1.74269)
(-1.77631 1.6575 -0.429528)
(-1.77631 2.5975 -0.429528)
(-1.7275 2.5975 -2.11558e-16)
(-1.7275 1.6575 -2.11558e-16)
(-0.667234 1.6575 -8.17126e-17)
(-0.667234 2.5975 -8.17126e-17)
(-0.33885 1.35229 -4.14972e-17)
(-0.33885 2.90271 -4.14972e-17)
(-0.393303 2.1275 -4.81658e-17)
(-1.3775 1.6675 -1.68695e-16)
(-1.3775 2.5875 -1.68695e-16)
(-0.764667 4.255 1.22076)
(-1.27606 4.255 0.646059)
(-0.824484 4.255 1.65237)
(-1.7493 4.255 0.736107)
(-0.718015 4.255 0.501976)
(-1.60124 2.28115 1.60124)
(-1.60124 3.19086 1.60124)
(-1.60124 1.3742 1.60124)
(-1.01086 3.50653 2.02636)
(-1.10495 0.83889 1.97663)
(-2.02636 3.50653 1.01086)
(-1.97663 0.83889 1.10495)
(-0.402224 3.50028 2.22849)
(-0.402224 0.773217 2.22849)
(-2.22849 3.50028 0.402224)
(-2.22849 0.773217 0.402224)
(-0.965295 2.74574 2.04845)
(-2.04845 2.74574 0.965295)
(-0.848918 1.80532 2.09936)
(-2.09936 1.80532 0.848918)
(-0.604923 3.07639 2.18221)
(-0.574259 1.28499 2.19048)
(-2.18221 3.07639 0.604923)
(-2.19048 1.28499 0.574259)
(-1.60124 0.762994 1.60124)
(-0.698477 -1.05834e-15 1.25964)
(-1.24678 -1.0601e-15 0.72596)
(-0.824484 -1.35689e-15 1.65237)
(-1.7493 -1.39453e-15 0.736107)
(-0.513409 -6.45546e-16 0.712921)
(-0.697132 1 1.11294)
(-1.16336 1 0.588999)
(-0.751666 1 1.50643)
(-1.5948 1 0.671094)
(-0.654601 1 0.457642)
(-1.93337 2.39058 0.724058)
(-1.45747 2.31319 1.46217)
(-0.721854 2.39752 1.93419)
(-0.471706 1.76639 2.00989)
(-2.0098 1.76524 0.472088)
(-0.292897 1.3821 2.04362)
(-0.352951 2.81653 2.03411)
(-2.04362 1.3821 0.292897)
(-2.03411 2.81653 0.352951)
(-1.75216 1.67617 1.09183)
(-1.08817 1.67752 1.75444)
(-1.7241 2.76916 1.13563)
(-1.12825 2.77089 1.72893)
(-1.45847 1.66672 1.46117)
(-0.636788 3.255 1.14839)
(-1.13666 3.255 0.661843)
(-0.751666 3.255 1.50643)
(-1.5948 3.255 0.671094)
(-0.468065 3.255 0.649956)
(-0.797263 2.1275 0.797263)
(-0.431476 2.5975 1.04167)
(-0.431476 1.6575 1.04167)
(-1.04167 2.5975 0.431476)
(-1.04167 1.6575 0.431476)
(-1.15082 2.1275 1.15082)
(-1.50361 2.1275 0.622817)
(-0.622817 2.1275 1.50361)
(-0.369567 1.6575 1.58498)
(-0.369567 2.5975 1.58498)
(-1.58498 1.6575 0.369567)
(-1.58498 2.5975 0.369567)
(-0.811405 2.1275 0.811405)
(-0.439129 1.6675 1.06015)
(-0.439129 2.5875 1.06015)
(-1.06015 1.6675 0.439129)
(-1.06015 2.5875 0.439129)
(-1.13667 2.1275 1.13667)
(-1.48514 2.1275 0.615164)
(-0.615164 2.1275 1.48514)
(-0.365025 1.6675 1.56551)
(-0.365025 2.5875 1.56551)
(-1.56551 1.6675 0.365025)
(-1.56551 2.5875 0.365025)
(-1.39797 2.1275 1.17704)
(-0.754222 2.1275 1.6646)
(-0.429528 1.6575 1.77631)
(-0.429528 2.5975 1.77631)
(-1.74269 1.81417 0.550271)
(-1.74269 2.44083 0.550271)
)


// ************************************************************************* //
